# t  y_dokladne  y_PMT
0.000000000000000e+00  2.000000000000000e+00  2.000000000000000e+00
1.000000000000000e-02  1.900801619983818e+00  1.900938967136150e+00
2.000000000000000e-02  1.804315604961444e+00  1.804551382368283e+00
3.000000000000000e-02  1.711978333677784e+00  1.712275411304287e+00
4.000000000000000e-02  1.624917388610854e+00  1.625242371018090e+00
5.000000000000000e-02  1.543956920917838e+00  1.544281499899081e+00
6.000000000000000e-02  1.469635569614638e+00  1.469937285000585e+00
7.000000000000001e-02  1.402233852300758e+00  1.402496313854132e+00
8.000000000000000e-02  1.341807933458812e+00  1.342020591643123e+00
9.000000000000000e-02  1.288226877952775e+00  1.288384451040861e+00
1.000000000000000e-01  1.241210853404407e+00  1.241312524208121e+00
1.100000000000000e-01  1.200368196830062e+00  1.200416686772177e+00
1.200000000000000e-01  1.165229754460064e+00  1.165230368879193e+00
1.300000000000000e-01  1.135279393889360e+00  1.135239113598554e+00
1.400000000000000e-01  1.109980040085391e+00  1.109906713263721e+00
1.500000000000000e-01  1.088794977858069e+00  1.088696645791775e+00
1.600000000000000e-01  1.071204480131012e+00  1.071088851935572e+00
1.700000000000000e-01  1.056718059620896e+00  1.056592135993894e+00
1.800000000000000e-01  1.044882804223632e+00  1.044752639011489e+00
1.900000000000000e-01  1.035288351374561e+00  1.035158932292654e+00
2.000000000000000e-01  1.027569094765004e+00  1.027444320631801e+00
2.100000000000000e-01  1.021404210259193e+00  1.021286941002872e+00
2.200000000000000e-01  1.016516048854783e+00  1.016408205632289e+00
2.300000000000000e-01  1.012667384285495e+00  1.012570079618884e+00
2.400000000000000e-01  1.009657931013692e+00  1.009571612261257e+00
2.500000000000000e-01  1.007320472662446e+00  1.007245065874042e+00
2.600000000000000e-01  1.005516867215113e+00  1.005451912070216e+00
2.700000000000000e-01  1.004134127577488e+00  1.004078897395685e+00
2.800000000000000e-01  1.003080716786562e+00  1.003034320372343e+00
2.900000000000000e-01  1.002283147406783e+00  1.002244611676953e+00
3.000000000000000e-01  1.001682934643391e+00  1.001651268590254e+00
3.100000000000000e-01  1.001233921893572e+00  1.001208163512849e+00
3.200000000000000e-01  1.000899974879987e+00  1.000879223319783e+00
3.300000000000000e-01  1.000653024964483e+00  1.000636460423162e+00
3.400000000000000e-01  1.000471432444805e+00  1.000458326353502e+00
3.500000000000000e-01  1.000338635354664e+00  1.000328353208479e+00
3.600000000000000e-01  1.000242047390448e+00  1.000234046312123e+00
3.700000000000000e-01  1.000172169101753e+00  1.000165991889224e+00
3.800000000000000e-01  1.000121878601931e+00  1.000117145668240e+00
3.900000000000000e-01  1.000085871140028e+00  1.000082271429284e+00
4.000000000000000e-01  1.000060220441464e+00  1.000057502115170e+00
4.100000000000000e-01  1.000042038419623e+00  1.000039999862611e+00
4.200000000000000e-01  1.000029213443675e+00  1.000027694940337e+00
4.300000000000000e-01  1.000020210667164e+00  1.000019086944630e+00
4.400000000000000e-01  1.000013920892662e+00  1.000013094613467e+00
4.500000000000000e-01  1.000009547035017e+00  1.000008943241444e+00
4.600000000000000e-01  1.000006519448411e+00  1.000006080907926e+00
4.700000000000000e-01  1.000004433221981e+00  1.000004116591691e+00
4.800000000000000e-01  1.000003002059214e+00  1.000002774771708e+00
4.900000000000000e-01  1.000002024578142e+00  1.000001862346777e+00
5.000000000000000e-01  1.000001359844408e+00  1.000001244689261e+00
5.100000000000000e-01  1.000000909717773e+00  1.000000828421282e+00
5.200000000000000e-01  1.000000606191519e+00  1.000000549103037e+00
5.300000000000000e-01  1.000000402365960e+00  1.000000362485541e+00
5.400000000000000e-01  1.000000266049748e+00  1.000000238332524e+00
5.500000000000000e-01  1.000000175249316e+00  1.000000156082010e+00
5.600000000000001e-01  1.000000115006627e+00  1.000000101816938e+00
5.700000000000001e-01  1.000000075194010e+00  1.000000066161481e+00
5.800000000000000e-01  1.000000048984409e+00  1.000000042828058e+00
5.900000000000000e-01  1.000000031795580e+00  1.000000027619075e+00
6.000000000000000e-01  1.000000020565038e+00  1.000000017744621e+00
6.100000000000000e-01  1.000000013254564e+00  1.000000011358477e+00
6.200000000000000e-01  1.000000008513212e+00  1.000000007244155e+00
6.300000000000000e-01  1.000000005449191e+00  1.000000004603498e+00
6.400000000000000e-01  1.000000003476158e+00  1.000000002915001e+00
6.500000000000000e-01  1.000000002210109e+00  1.000000001839321e+00
6.600000000000000e-01  1.000000001400529e+00  1.000000001156543e+00
6.700000000000000e-01  1.000000000884611e+00  1.000000000724717e+00
6.800000000000000e-01  1.000000000556943e+00  1.000000000452578e+00
6.900000000000001e-01  1.000000000349530e+00  1.000000000281679e+00
7.000000000000001e-01  1.000000000218670e+00  1.000000000174730e+00
7.100000000000000e-01  1.000000000136377e+00  1.000000000108031e+00
7.200000000000000e-01  1.000000000084793e+00  1.000000000066575e+00
7.300000000000000e-01  1.000000000052560e+00  1.000000000040895e+00
7.400000000000000e-01  1.000000000032482e+00  1.000000000025041e+00
7.500000000000000e-01  1.000000000020014e+00  1.000000000015284e+00
7.600000000000000e-01  1.000000000012296e+00  1.000000000009300e+00
7.700000000000000e-01  1.000000000007532e+00  1.000000000005641e+00
7.800000000000000e-01  1.000000000004601e+00  1.000000000003412e+00
7.900000000000000e-01  1.000000000002802e+00  1.000000000002057e+00
8.000000000000000e-01  1.000000000001702e+00  1.000000000001237e+00
8.100000000000001e-01  1.000000000001031e+00  1.000000000000741e+00
8.200000000000001e-01  1.000000000000623e+00  1.000000000000443e+00
8.300000000000001e-01  1.000000000000375e+00  1.000000000000264e+00
8.400000000000000e-01  1.000000000000225e+00  1.000000000000157e+00
8.500000000000000e-01  1.000000000000135e+00  1.000000000000093e+00
8.600000000000000e-01  1.000000000000081e+00  1.000000000000055e+00
8.700000000000000e-01  1.000000000000048e+00  1.000000000000033e+00
8.800000000000000e-01  1.000000000000029e+00  1.000000000000019e+00
8.900000000000000e-01  1.000000000000017e+00  1.000000000000011e+00
9.000000000000000e-01  1.000000000000010e+00  1.000000000000007e+00
9.100000000000000e-01  1.000000000000006e+00  1.000000000000004e+00
9.200000000000000e-01  1.000000000000004e+00  1.000000000000002e+00
9.300000000000000e-01  1.000000000000002e+00  1.000000000000001e+00
9.400000000000001e-01  1.000000000000001e+00  1.000000000000001e+00
9.500000000000001e-01  1.000000000000001e+00  1.000000000000000e+00
9.600000000000000e-01  1.000000000000000e+00  1.000000000000000e+00
9.700000000000000e-01  1.000000000000000e+00  1.000000000000000e+00
9.800000000000000e-01  1.000000000000000e+00  1.000000000000000e+00
9.900000000000000e-01  1.000000000000000e+00  1.000000000000000e+00
1.000000000000000e+00  1.000000000000000e+00  1.000000000000000e+00
