-1.000000000000000e+00 -3.846153846153846e-02 -3.846153846153846e-02
-9.979979979979980e-01 -1.284073421652671e-01 -3.868149293333478e-02
-9.959959959959960e-01 -2.064208659065642e-01 -3.890305734066357e-02
-9.939939939939940e-01 -2.735347903910411e-01 -3.912624546108161e-02
-9.919919919919920e-01 -3.307121531022528e-01 -3.935107119793647e-02
-9.899899899899900e-01 -3.788502320857847e-01 -3.957754858140146e-02
-9.879879879879880e-01 -4.187842458029674e-01 -3.980569176951319e-02
-9.859859859859860e-01 -4.512908765509209e-01 -4.003551504921135e-02
-9.839839839839840e-01 -4.770916246810915e-01 -4.026703283738031e-02
-9.819819819819819e-01 -4.968560005918369e-01 -4.050025968189265e-02
-9.799799799799800e-01 -5.112045612219068e-01 -4.073521026265390e-02
-9.779779779779780e-01 -5.207117975307567e-01 -4.097189939264863e-02
-9.759759759759760e-01 -5.259088792180527e-01 -4.121034201898733e-02
-9.739739739739740e-01 -5.272862627085453e-01 -4.145055322395374e-02
-9.719719719719719e-01 -5.252961682093277e-01 -4.169254822605262e-02
-9.699699699699700e-01 -5.203549314342315e-01 -4.193634238105721e-02
-9.679679679679680e-01 -5.128452353845669e-01 -4.218195118305647e-02
-9.659659659659660e-01 -5.031182273763843e-01 -4.242939026550129e-02
-9.639639639639640e-01 -4.914955263117375e-01 -4.267867540224966e-02
-9.619619619619619e-01 -4.782711250048959e-01 -4.292982250861029e-02
-9.599599599599600e-01 -4.637131921939537e-01 -4.318284764238412e-02
-9.579579579579579e-01 -4.480657786935446e-01 -4.343776700490365e-02
-9.559559559559559e-01 -4.315504319753919e-01 -4.369459694206920e-02
-9.539539539539540e-01 -4.143677232998560e-01 -4.395335394538210e-02
-9.519519519519519e-01 -3.966986913635231e-01 -4.421405465297404e-02
-9.499499499499500e-01 -3.787062062748966e-01 -4.447671585063215e-02
-9.479479479479479e-01 -3.605362575223450e-01 -4.474135447281947e-02
-9.459459459459459e-01 -3.423191694555164e-01 -4.500798760368995e-02
-9.439439439439440e-01 -3.241707476631557e-01 -4.527663247809786e-02
-9.419419419419419e-01 -3.061933594967488e-01 -4.554730648260068e-02
-9.399399399399400e-01 -2.884769518603039e-01 -4.582002715645508e-02
-9.379379379379379e-01 -2.711000092618920e-01 -4.609481219260537e-02
-9.359359359359359e-01 -2.541304550021438e-01 -4.637167943866372e-02
-9.339339339339340e-01 -2.376264982585273e-01 -4.665064689788150e-02
-9.319319319319319e-01 -2.216374297119547e-01 -4.693173273011127e-02
-9.299299299299300e-01 -2.062043682537949e-01 -4.721495525275837e-02
-9.279279279279279e-01 -1.913609612066996e-01 -4.750033294172168e-02
-9.259259259259259e-01 -1.771340403916714e-01 -4.778788443232275e-02
-9.239239239239239e-01 -1.635442362762927e-01 -4.807762852022245e-02
-9.219219219219219e-01 -1.506065523450657e-01 -4.836958416232425e-02
-9.199199199199199e-01 -1.383309017420897e-01 -4.866377047766365e-02
-9.179179179179179e-01 -1.267226081489032e-01 -4.896020674828263e-02
-9.159159159159159e-01 -1.157828727759919e-01 -4.925891242008808e-02
-9.139139139139139e-01 -1.055092092652145e-01 -4.955990710369394e-02
-9.119119119119119e-01 -9.589584822211558e-02 -4.986321057524511e-02
-9.099099099099099e-01 -8.693411302162142e-02 -5.016884277722339e-02
-9.079079079079079e-01 -7.861276845797881e-02 -5.047682381923319e-02
-9.059059059059059e-01 -7.091834373979219e-02 -5.078717397876691e-02
-9.039039039039038e-01 -6.383543126363943e-02 -5.109991370194843e-02
-9.019019019019019e-01 -5.734696253490042e-02 -5.141506360425371e-02
-8.998998998998999e-01 -5.143446254199262e-02 -5.173264447120755e-02
-8.978978978978979e-01 -4.607828383017664e-02 -5.205267725905491e-02
-8.958958958958959e-01 -4.125782146331504e-02 -5.237518309540595e-02
-8.938938938938938e-01 -3.695171000642045e-02 -5.270018327985346e-02
-8.918918918918919e-01 -3.313800360843316e-02 -5.302769928456103e-02
-8.898898898898899e-01 -2.979434021332222e-02 -5.335775275482130e-02
-8.878878878878879e-01 -2.689809087829574e-02 -5.369036550958207e-02
-8.858858858858859e-01 -2.442649513051478e-02 -5.402555954193961e-02
-8.838838838838838e-01 -2.235678324820356e-02 -5.436335701959715e-02
-8.818818818818819e-01 -2.066628630836537e-02 -5.470378028528730e-02
-8.798798798798799e-01 -1.933253480137343e-02 -5.504685185715680e-02
-8.778778778778779e-01 -1.833334657247771e-02 -5.539259442911188e-02
-8.758758758758759e-01 -1.764690481166797e-02 -5.574103087112257e-02
-8.738738738738738e-01 -1.725182677632390e-02 -5.609218422948454e-02
-8.718718718718719e-01 -1.712722389560284e-02 -5.644607772703610e-02
-8.698698698698699e-01 -1.725275387151175e-02 -5.680273476332928e-02
-8.678678678678678e-01 -1.760866535903634e-02 -5.716217891475246e-02
-8.658658658658659e-01 -1.817583577650222e-02 -5.752443393460284e-02
-8.638638638638638e-01 -1.893580276747722e-02 -5.788952375310703e-02
-8.618618618618619e-01 -1.987078980693923e-02 -5.825747247738721e-02
-8.598598598598599e-01 -2.096372641709161e-02 -5.862830439137123e-02
-8.578578578578578e-01 -2.219826343205460e-02 -5.900204395564397e-02
-8.558558558558559e-01 -2.355878372566553e-02 -5.937871580723818e-02
-8.538538538538538e-01 -2.503040879273209e-02 -5.975834475936224e-02
-8.518518518518519e-01 -2.659900155126405e-02 -6.014095580106240e-02
-8.498498498498499e-01 -2.825116571142617e-02 -6.052657409681739e-02
-8.478478478478478e-01 -2.997424203615996e-02 -6.091522498606243e-02
-8.458458458458459e-01 -3.175630179858899e-02 -6.130693398264029e-02
-8.438438438438438e-01 -3.358613772241090e-02 -6.170172677417698e-02
-8.418418418418419e-01 -3.545325267344951e-02 -6.209962922137855e-02
-8.398398398398399e-01 -3.734784635337460e-02 -6.250066735724738e-02
-8.378378378378378e-01 -3.926080023024151e-02 -6.290486738621369e-02
-8.358358358358359e-01 -4.118366092494679e-02 -6.331225568318039e-02
-8.338338338338338e-01 -4.310862225789640e-02 -6.372285879247770e-02
-8.318318318318318e-01 -4.502850614611044e-02 -6.413670342672431e-02
-8.298298298298299e-01 -4.693674252762717e-02 -6.455381646559233e-02
-8.278278278278278e-01 -4.882734847737111e-02 -6.497422495447196e-02
-8.258258258258259e-01 -5.069490666660886e-02 -6.539795610303323e-02
-8.238238238238238e-01 -5.253454330669420e-02 -6.582503728368075e-02
-8.218218218218218e-01 -5.434190570697439e-02 -6.625549602989805e-02
-8.198198198198199e-01 -5.611313956648306e-02 -6.668936003447802e-02
-8.178178178178178e-01 -5.784486610933565e-02 -6.712665714763506e-02
-8.158158158158157e-01 -5.953415916457101e-02 -6.756741537499575e-02
-8.138138138138138e-01 -6.117852228250997e-02 -6.801166287546341e-02
-8.118118118118118e-01 -6.277586597151313e-02 -6.845942795895306e-02
-8.098098098098099e-01 -6.432448513129571e-02 -6.891073908399176e-02
-8.078078078078078e-01 -6.582303675167722e-02 -6.936562485518073e-02
-8.058058058058057e-01 -6.727051793878568e-02 -6.982411402051440e-02
-8.038038038038038e-01 -6.866624432428678e-02 -7.028623546855191e-02
-8.018018018018018e-01 -7.000982890714504e-02 -7.075201822543660e-02
-7.997997997997998e-01 -7.130116137173208e-02 -7.122149145175824e-02
-7.977977977977978e-01 -7.254038792076174e-02 -7.169468443925336e-02
-7.957957957957957e-01 -7.372789165653230e-02 -7.217162660733895e-02
-7.937937937937938e-01 -7.486427353927899e-02 -7.265234749947347e-02
-7.917917917917918e-01 -7.595033394707562e-02 -7.313687677934098e-02
-7.897897897897898e-01 -7.698705485764677e-02 -7.362524422685221e-02
-7.877877877877878e-01 -7.797558266866025e-02 -7.411747973395692e-02
-7.857857857857857e-01 -7.891721166954221e-02 -7.461361330026282e-02
-7.837837837837838e-01 -7.981336817458100e-02 -7.511367502845391e-02
-7.817817817817818e-01 -8.066559532405740e-02 -7.561769511950343e-02
-7.797797797797797e-01 -8.147553855733185e-02 -7.612570386767457e-02
-7.777777777777778e-01 -8.224493175923701e-02 -7.663773165530290e-02
-7.757757757757757e-01 -8.297558407874500e-02 -7.715380894735456e-02
-7.737737737737738e-01 -8.366936741669566e-02 -7.767396628575270e-02
-7.717717717717718e-01 -8.432820457737900e-02 -7.819823428346670e-02
-7.697697697697697e-01 -8.495405807694242e-02 -7.872664361835646e-02
-7.677677677677678e-01 -8.554891959994324e-02 -7.925922502676477e-02
-7.657657657657657e-01 -8.611480009387121e-02 -7.979600929685152e-02
-7.637637637637638e-01 -8.665372049011978e-02 -8.033702726166125e-02
-7.617617617617618e-01 -8.716770303868088e-02 -8.088230979191764e-02
-7.597597597597597e-01 -8.765876324276511e-02 -8.143188778853666e-02
-7.577577577577578e-01 -8.812890237860273e-02 -8.198579217485082e-02
-7.557557557557557e-01 -8.858010058485173e-02 -8.254405388853693e-02
-7.537537537537538e-01 -8.901431050532008e-02 -8.310670387323864e-02
-7.517517517517518e-01 -8.943345146809573e-02 -8.367377306987622e-02
-7.497497497497497e-01 -8.983940418365972e-02 -8.424529240763472e-02
-7.477477477477478e-01 -9.023400594413283e-02 -8.482129279462187e-02
-7.457457457457457e-01 -9.061904630546556e-02 -8.540180510818786e-02
-7.437437437437437e-01 -9.099626323411995e-02 -8.598686018489657e-02
-7.417417417417418e-01 -9.136733969960646e-02 -8.657648881014099e-02
-7.397397397397397e-01 -9.173390069412070e-02 -8.717072170739222e-02
-7.377377377377378e-01 -9.209751066047246e-02 -8.776958952707327e-02
-7.357357357357357e-01 -9.245967130950604e-02 -8.837312283504836e-02
-7.337337337337337e-01 -9.282181980827153e-02 -8.898135210071725e-02
-7.317317317317318e-01 -9.318532732032019e-02 -8.959430768470585e-02
-7.297297297297297e-01 -9.355149787965475e-02 -9.021201982614199e-02
-7.277277277277276e-01 -9.392156758006819e-02 -9.083451862950691e-02
-7.257257257257257e-01 -9.429670406184493e-02 -9.146183405105206e-02
-7.237237237237237e-01 -9.467800627807511e-02 -9.209399588477056e-02
-7.217217217217218e-01 -9.506650452314136e-02 -9.273103374791271e-02
-7.197197197197197e-01 -9.546316070627556e-02 -9.337297706603516e-02
-7.177177177177176e-01 -9.586886885344743e-02 -9.401985505757217e-02
-7.157157157157157e-01 -9.628445582123429e-02 -9.467169671791875e-02
-7.137137137137137e-01 -9.671068220672943e-02 -9.532853080301407e-02
-7.117117117117118e-01 -9.714824343797319e-02 -9.599038581241366e-02
-7.097097097097097e-01 -9.759777102983289e-02 -9.665728997183957e-02
-7.077077077077076e-01 -9.805983399071348e-02 -9.732927121519627e-02
-7.057057057057057e-01 -9.853494036594800e-02 -9.800635716604146e-02
-7.037037037037037e-01 -9.902353890419298e-02 -9.868857511849954e-02
-7.017017017017018e-01 -9.952602083363839e-02 -9.937595201760575e-02
-6.996996996996997e-01 -1.000427217353310e-01 -1.000685144390699e-01
-6.976976976976976e-01 -1.005739235014045e-01 -1.007662885684464e-01
-6.956956956956957e-01 -1.011198563665047e-01 -1.014693001797002e-01
-6.936936936936937e-01 -1.016807010011978e-01 -1.021775746131553e-01
-6.916916916916918e-01 -1.022565906566445e-01 -1.028911367528137e-01
-6.896896896896897e-01 -1.028476133503198e-01 -1.036100110030336e-01
-6.876876876876876e-01 -1.034538140830517e-01 -1.043342212645535e-01
-6.856856856856857e-01 -1.040751970781399e-01 -1.050637909098512e-01
-6.836836836836837e-01 -1.047117280338014e-01 -1.057987427578240e-01
-6.816816816816818e-01 -1.053633363806679e-01 -1.065390990477798e-01
-6.796796796796797e-01 -1.060299175365331e-01 -1.072848814127250e-01
-6.776776776776776e-01 -1.067113351510126e-01 -1.080361108519391e-01
-6.756756756756757e-01 -1.074074233332349e-01 -1.087928077028220e-01
-6.736736736736737e-01 -1.081179888561344e-01 -1.095549916120047e-01
-6.716716716716717e-01 -1.088428133313507e-01 -1.103226815057085e-01
-6.696696696696697e-01 -1.095816553491734e-01 -1.110958955593437e-01
-6.676676676676676e-01 -1.103342525783875e-01 -1.118746511663353e-01
-6.656656656656657e-01 -1.111003238212847e-01 -1.126589649061641e-01
-6.636636636636637e-01 -1.118795710195031e-01 -1.134488525116132e-01
-6.616616616616617e-01 -1.126716812067439e-01 -1.142443288352079e-01
-6.596596596596597e-01 -1.134763284047895e-01 -1.150454078148392e-01
-6.576576576576576e-01 -1.142931754596092e-01 -1.158521024385605e-01
-6.556556556556556e-01 -1.151218758146910e-01 -1.166644247085481e-01
-6.536536536536537e-01 -1.159620752190760e-01 -1.174823856042142e-01
-6.516516516516517e-01 -1.168134133678986e-01 -1.183059950444660e-01
-6.496496496496497e-01 -1.176755254735517e-01 -1.191352618490999e-01
-6.476476476476476e-01 -1.185480437658956e-01 -1.199701936993231e-01
-6.456456456456456e-01 -1.194305989202202e-01 -1.208107970973960e-01
-6.436436436436437e-01 -1.203228214119498e-01 -1.216570773253867e-01
-6.416416416416417e-01 -1.212243427973388e-01 -1.225090384030319e-01
-6.396396396396397e-01 -1.221347969196658e-01 -1.233666830446982e-01
-6.376376376376376e-01 -1.230538210406702e-01 -1.242300126154381e-01
-6.356356356356356e-01 -1.239810568972057e-01 -1.250990270861365e-01
-6.336336336336337e-01 -1.249161516832993e-01 -1.259737249877443e-01
-6.316316316316316e-01 -1.258587589580131e-01 -1.268541033645950e-01
-6.296296296296297e-01 -1.268085394796947e-01 -1.277401577268039e-01
-6.276276276276276e-01 -1.277651619673879e-01 -1.286318820017471e-01
-6.256256256256256e-01 -1.287283037903420e-01 -1.295292684846218e-01
-6.236236236236237e-01 -1.296976515867216e-01 -1.304323077880874e-01
-6.216216216216216e-01 -1.306729018127620e-01 -1.313409887909904e-01
-6.196196196196196e-01 -1.316537612237582e-01 -1.322552985861762e-01
-6.176176176176176e-01 -1.326399472884012e-01 -1.331752224273919e-01
-6.156156156156156e-01 -1.336311885380902e-01 -1.341007436752860e-01
-6.136136136136137e-01 -1.346272248529624e-01 -1.350318437425127e-01
-6.116116116116116e-01 -1.356278076864742e-01 -1.359685020379484e-01
-6.096096096096096e-01 -1.366327002304603e-01 -1.369106959100315e-01
-6.076076076076076e-01 -1.376416775226752e-01 -1.378584005892365e-01
-6.056056056056056e-01 -1.386545264988918e-01 -1.388115891296957e-01
-6.036036036036037e-01 -1.396710459916968e-01 -1.397702323499846e-01
-6.016016016016016e-01 -1.406910466781725e-01 -1.407342987730867e-01
-5.995995995995995e-01 -1.417143509787046e-01 -1.417037545655567e-01
-5.975975975975976e-01 -1.427407929091918e-01 -1.426785634759039e-01
-5.955955955955956e-01 -1.437702178889662e-01 -1.436586867722170e-01
-5.935935935935936e-01 -1.448024825067540e-01 -1.446440831790568e-01
-5.915915915915916e-01 -1.458374542470286e-01 -1.456347088136431e-01
-5.895895895895895e-01 -1.468750111791132e-01 -1.466305171213646e-01
-5.875875875875876e-01 -1.479150416114001e-01 -1.476314588106461e-01
-5.855855855855856e-01 -1.489574437130482e-01 -1.486374817872048e-01
-5.835835835835836e-01 -1.500021251055161e-01 -1.496485310877333e-01
-5.815815815815816e-01 -1.510490024262746e-01 -1.506645488130502e-01
-5.795795795795795e-01 -1.520980008670251e-01 -1.516854740607584e-01
-5.775775775775776e-01 -1.531490536887291e-01 -1.527112428574580e-01
-5.755755755755756e-01 -1.542021017157265e-01 -1.537417880905611e-01
-5.735735735735736e-01 -1.552570928111887e-01 -1.547770394397594e-01
-5.715715715715716e-01 -1.563139813361198e-01 -1.558169233081987e-01
-5.695695695695695e-01 -1.573727275940774e-01 -1.568613627534177e-01
-5.675675675675675e-01 -1.584332972637452e-01 -1.579102774181117e-01
-5.655655655655656e-01 -1.594956608214421e-01 -1.589635834607847e-01
-5.635635635635636e-01 -1.605597929556037e-01 -1.600211934863568e-01
-5.615615615615616e-01 -1.616256719752232e-01 -1.610830164767981e-01
-5.595595595595595e-01 -1.626932792141809e-01 -1.621489577218627e-01
-5.575575575575575e-01 -1.637625984333404e-01 -1.632189187500014e-01
-5.555555555555556e-01 -1.648336152222256e-01 -1.642927972595330e-01
-5.535535535535536e-01 -1.659063164020368e-01 -1.653704870501610e-01
-5.515515515515516e-01 -1.669806894317000e-01 -1.664518779549234e-01
-5.495495495495495e-01 -1.680567218185803e-01 -1.675368557726684e-01
-5.475475475475475e-01 -1.691344005354274e-01 -1.686253022011532e-01
-5.455455455455456e-01 -1.702137114450529e-01 -1.697170947708664e-01
-5.435435435435436e-01 -1.712946387341722e-01 -1.708121067796763e-01
-5.415415415415415e-01 -1.723771643577806e-01 -1.719102072284166e-01
-5.395395395395395e-01 -1.734612674953592e-01 -1.730112607575195e-01
-5.375375375375375e-01 -1.745469240201417e-01 -1.741151275848120e-01
-5.355355355355356e-01 -1.756341059826038e-01 -1.752216634445986e-01
-5.335335335335336e-01 -1.767227811092668e-01 -1.763307195281499e-01
-5.315315315315315e-01 -1.778129123178382e-01 -1.774421424257294e-01
-5.295295295295295e-01 -1.789044572496467e-01 -1.785557740702867e-01
-5.275275275275275e-01 -1.799973678202553e-01 -1.796714516829560e-01
-5.255255255255256e-01 -1.810915897890735e-01 -1.807890077204962e-01
-5.235235235235236e-01 -1.821870623487178e-01 -1.819082698248176e-01
-5.215215215215215e-01 -1.832837177348068e-01 -1.830290607747413e-01
-5.195195195195195e-01 -1.843814808568094e-01 -1.841511984401407e-01
-5.175175175175175e-01 -1.854802689504985e-01 -1.852744957386192e-01
-5.155155155155156e-01 -1.865799912525014e-01 -1.863987605948813e-01
-5.135135135135135e-01 -1.876805486973733e-01 -1.875237959029544e-01
-5.115115115115115e-01 -1.887818336375570e-01 -1.886493994914269e-01
-5.095095095095095e-01 -1.898837295865360e-01 -1.897753640918656e-01
-5.075075075075075e-01 -1.909861109854229e-01 -1.909014773105805e-01
-5.055055055055055e-01 -1.920888429931722e-01 -1.920275216039087e-01
-5.035035035035035e-01 -1.931917813005468e-01 -1.931532742571868e-01
-5.015015015015015e-01 -1.942947719679137e-01 -1.942785073675873e-01
-4.994994994994995e-01 -1.953976512868920e-01 -1.954029878309938e-01
-4.974974974974975e-01 -1.965002456658212e-01 -1.965264773330915e-01
-4.954954954954955e-01 -1.976023715389720e-01 -1.976487323448500e-01
-4.934934934934935e-01 -1.987038352993692e-01 -1.987695041225761e-01
-4.914914914914915e-01 -1.998044332550512e-01 -1.998885387127149e-01
-4.894894894894894e-01 -2.009039516085478e-01 -2.010055769615766e-01
-4.874874874874875e-01 -2.020021664593089e-01 -2.021203545301654e-01
-4.854854854854855e-01 -2.030988438287806e-01 -2.032326019142872e-01
-4.834834834834835e-01 -2.041937397077842e-01 -2.043420444701104e-01
-4.814814814814815e-01 -2.052866001258126e-01 -2.054484024453498e-01
-4.794794794794794e-01 -2.063771612418276e-01 -2.065513910162478e-01
-4.774774774774775e-01 -2.074651494561018e-01 -2.076507203305148e-01
-4.754754754754755e-01 -2.085502815426229e-01 -2.087460955563950e-01
-4.734734734734735e-01 -2.096322648015404e-01 -2.098372169380161e-01
-4.714714714714715e-01 -2.107107972311117e-01 -2.109237798571756e-01
-4.694694694694694e-01 -2.117855677185760e-01 -2.120054749017158e-01
-4.674674674674675e-01 -2.128562562493577e-01 -2.130819879406279e-01
-4.654654654654654e-01 -2.139225341339802e-01 -2.141530002060235e-01
-4.634634634634635e-01 -2.149840642520476e-01 -2.152181883821031e-01
-4.614614614614615e-01 -2.160405013126344e-01 -2.162772247012434e-01
-4.594594594594594e-01 -2.170914921304030e-01 -2.173297770473168e-01
-4.574574574574575e-01 -2.181366759167533e-01 -2.183755090663478e-01
-4.554554554554554e-01 -2.191756845852965e-01 -2.194140802846021e-01
-4.534534534534534e-01 -2.202081430709289e-01 -2.204451462341913e-01
-4.514514514514515e-01 -2.212336696617729e-01 -2.214683585862687e-01
-4.494494494494494e-01 -2.222518763432424e-01 -2.224833652918769e-01
-4.474474474474475e-01 -2.232623691534804e-01 -2.234898107304970e-01
-4.454454454454454e-01 -2.242647485494148e-01 -2.244873358663368e-01
-4.434434434434434e-01 -2.252586097826657e-01 -2.254755784123804e-01
-4.414414414414415e-01 -2.262435432845438e-01 -2.264541730022086e-01
-4.394394394394394e-01 -2.272191350593695e-01 -2.274227513695835e-01
-4.374374374374375e-01 -2.281849670853466e-01 -2.283809425357769e-01
-4.354354354354354e-01 -2.291406177222243e-01 -2.293283730046045e-01
-4.334334334334334e-01 -2.300856621249825e-01 -2.302646669651119e-01
-4.314314314314315e-01 -2.310196726627800e-01 -2.311894465018420e-01
-4.294294294294294e-01 -2.319422193424108e-01 -2.321023318125956e-01
-4.274274274274275e-01 -2.328528702355163e-01 -2.330029414335769e-01
-4.254254254254254e-01 -2.337511919088143e-01 -2.338908924718019e-01
-4.234234234234234e-01 -2.346367498566066e-01 -2.347658008446238e-01
-4.214214214214215e-01 -2.355091089348439e-01 -2.356272815262137e-01
-4.194194194194194e-01 -2.363678337960307e-01 -2.364749488008149e-01
-4.174174174174174e-01 -2.372124893242684e-01 -2.373084165225672e-01
-4.154154154154154e-01 -2.380426410697459e-01 -2.381272983816837e-01
-4.134134134134134e-01 -2.388578556819995e-01 -2.389312081767342e-01
-4.114114114114115e-01 -2.396577013412777e-01 -2.397197600927782e-01
-4.094094094094094e-01 -2.404417481873647e-01 -2.404925689850636e-01
-4.074074074074074e-01 -2.412095687452258e-01 -2.412492506679919e-01
-4.054054054054054e-01 -2.419607383468609e-01 -2.419894222090296e-01
-4.034034034034034e-01 -2.426948355487644e-01 -2.427127022272245e-01
-4.014014014014013e-01 -2.434114425444084e-01 -2.434187111959703e-01
-3.993993993993994e-01 -2.441101455711870e-01 -2.441070717496391e-01
-3.973973973973974e-01 -2.447905353112738e-01 -2.447774089936886e-01
-3.953953953953954e-01 -2.454522072858668e-01 -2.454293508178284e-01
-3.933933933933934e-01 -2.460947622423131e-01 -2.460625282118159e-01
-3.913913913913913e-01 -2.467178065336275e-01 -2.466765755834330e-01
-3.893893893893894e-01 -2.473209524899355e-01 -2.472711310781825e-01
-3.873873873873874e-01 -2.479038187813970e-01 -2.478458369002253e-01
-3.853853853853854e-01 -2.484660307721834e-01 -2.484003396340662e-01
-3.833833833833834e-01 -2.490072208651037e-01 -2.489342905664849e-01
-3.813813813813813e-01 -2.495270288364978e-01 -2.494473460081948e-01
-3.793793793793794e-01 -2.500251021610327e-01 -2.499391676147022e-01
-3.773773773773774e-01 -2.505010963260640e-01 -2.504094227058294e-01
-3.753753753753754e-01 -2.509546751352419e-01 -2.508577845833567e-01
-3.733733733733734e-01 -2.513855110010647e-01 -2.512839328462304e-01
-3.713713713713713e-01 -2.517932852261055e-01 -2.516875537027806e-01
-3.693693693693694e-01 -2.521776882726575e-01 -2.520683402793853e-01
-3.673673673673674e-01 -2.525384200205640e-01 -2.524259929250187e-01
-3.653653653653653e-01 -2.528751900130253e-01 -2.527602195111159e-01
-3.633633633633634e-01 -2.531877176901888e-01 -2.530707357261913e-01
-3.613613613613613e-01 -2.534757326103572e-01 -2.533572653646462e-01
-3.593593593593594e-01 -2.537389746586644e-01 -2.536195406092085e-01
-3.573573573573574e-01 -2.539771942430943e-01 -2.538573023064485e-01
-3.553553553553553e-01 -2.541901524777339e-01 -2.540703002348269e-01
-3.533533533533534e-01 -2.543776213531767e-01 -2.542582933647346e-01
-3.513513513513513e-01 -2.545393838940072e-01 -2.544210501099999e-01
-3.493493493493494e-01 -2.546752343033230e-01 -2.545583485703442e-01
-3.473473473473474e-01 -2.547849780942638e-01 -2.546699767642887e-01
-3.453453453453453e-01 -2.548684322085412e-01 -2.547557328520220e-01
-3.433433433433434e-01 -2.549254251219772e-01 -2.548154253477621e-01
-3.413413413413413e-01 -2.549557969370810e-01 -2.548488733211609e-01
-3.393393393393394e-01 -2.549593994627084e-01 -2.548559065873203e-01
-3.373373373373373e-01 -2.549360962808681e-01 -2.548363658850110e-01
-3.353353353353353e-01 -2.548857628007527e-01 -2.547901030427072e-01
-3.333333333333334e-01 -2.548082863000938e-01 -2.547169811320755e-01
-3.313313313313313e-01 -2.547035659539481e-01 -2.546168746085794e-01
-3.293293293293293e-01 -2.545715128510478e-01 -2.544896694388921e-01
-3.273273273273273e-01 -2.544120499978518e-01 -2.543352632148321e-01
-3.253253253253253e-01 -2.542251123104585e-01 -2.541535652535690e-01
-3.233233233233234e-01 -2.540106465945480e-01 -2.539444966838760e-01
-3.213213213213213e-01 -2.537686115135389e-01 -2.537079905182334e-01
-3.193193193193193e-01 -2.534989775451537e-01 -2.534439917106218e-01
-3.173173173173173e-01 -2.532017269266057e-01 -2.531524571998731e-01
-3.153153153153153e-01 -2.528768535886218e-01 -2.528333559384802e-01
-3.133133133133134e-01 -2.525243630785385e-01 -2.524866689068000e-01
-3.113113113113113e-01 -2.521442724727080e-01 -2.521123891126142e-01
-3.093093093093093e-01 -2.517366102784699e-01 -2.517105215760487e-01
-3.073073073073073e-01 -2.513014163259467e-01 -2.512810832998819e-01
-3.053053053053053e-01 -2.508387416499362e-01 -2.508241032253086e-01
-3.033033033033034e-01 -2.503486483621764e-01 -2.503396221732549e-01
-3.013013013013013e-01 -2.498312095142709e-01 -2.498276927713748e-01
-2.992992992992993e-01 -2.492865089515671e-01 -2.492883793668889e-01
-2.972972972972973e-01 -2.487146411582866e-01 -2.487217579254580e-01
-2.952952952952953e-01 -2.481157110942157e-01 -2.481279159163142e-01
-2.932932932932933e-01 -2.474898340232641e-01 -2.475069521839020e-01
-2.912912912912913e-01 -2.468371353342112e-01 -2.468589768063103e-01
-2.892892892892893e-01 -2.461577503539583e-01 -2.461841109408055e-01
-2.872872872872873e-01 -2.454518241536125e-01 -2.454824866567991e-01
-2.852852852852853e-01 -2.447195113477294e-01 -2.447542467566140e-01
-2.832832832832833e-01 -2.439609758870460e-01 -2.439995445844332e-01
-2.812812812812813e-01 -2.431763908450351e-01 -2.432185438238397e-01
-2.792792792792793e-01 -2.423659381986181e-01 -2.424114182843786e-01
-2.772772772772772e-01 -2.415298086033695e-01 -2.415783516775909e-01
-2.752752752752753e-01 -2.406682011635522e-01 -2.407195373829887e-01
-2.732732732732732e-01 -2.397813231973189e-01 -2.398351782044571e-01
-2.712712712712713e-01 -2.388693899974172e-01 -2.389254861175855e-01
-2.692692692692693e-01 -2.379326245877345e-01 -2.379906820084424e-01
-2.672672672672672e-01 -2.369712574760175e-01 -2.370309954043228e-01
-2.652652652652653e-01 -2.359855264031008e-01 -2.360466641970057e-01
-2.632632632632632e-01 -2.349756760889752e-01 -2.350379343590694e-01
-2.612612612612613e-01 -2.339419579760261e-01 -2.340050596538186e-01
-2.592592592592593e-01 -2.328846299697675e-01 -2.329483013393839e-01
-2.572572572572572e-01 -2.318039561773969e-01 -2.318679278675573e-01
-2.552552552552553e-01 -2.307002066444894e-01 -2.307642145779311e-01
-2.532532532532532e-01 -2.295736570901482e-01 -2.296374433879046e-01
-2.512512512512513e-01 -2.284245886409237e-01 -2.284879024791282e-01
-2.492492492492493e-01 -2.272532875638078e-01 -2.273158859809458e-01
-2.472472472472472e-01 -2.260600449986070e-01 -2.261216936513960e-01
-2.452452452452453e-01 -2.248451566899921e-01 -2.249056305563279e-01
-2.432432432432432e-01 -2.236089227195155e-01 -2.236680067471761e-01
-2.412412412412412e-01 -2.223516472378840e-01 -2.224091369379383e-01
-2.392392392392393e-01 -2.210736381977662e-01 -2.211293401818810e-01
-2.372372372372372e-01 -2.197752070874108e-01 -2.198289395484975e-01
-2.352352352352353e-01 -2.184566686653415e-01 -2.185082618012228e-01
-2.332332332332332e-01 -2.171183406963919e-01 -2.171676370764007e-01
-2.312312312312312e-01 -2.157605436893337e-01 -2.158073985639865e-01
-2.292292292292293e-01 -2.143836006363457e-01 -2.144278821904480e-01
-2.272272272272272e-01 -2.129878367545648e-01 -2.130294263043203e-01
-2.252252252252253e-01 -2.115735792299513e-01 -2.116123713648446e-01
-2.232232232232232e-01 -2.101411569636937e-01 -2.101770596341110e-01
-2.212212212212212e-01 -2.086909003213726e-01 -2.087238348731048e-01
-2.192192192192193e-01 -2.072231408850904e-01 -2.072530420420377e-01
-2.172172172172172e-01 -2.057382112087743e-01 -2.057650270053268e-01
-2.152152152152152e-01 -2.042364445768423e-01 -2.042601362415663e-01
-2.132132132132132e-01 -2.027181747664202e-01 -2.027387165588154e-01
-2.112112112112112e-01 -2.011837358132907e-01 -2.012011148155091e-01
-2.092092092092092e-01 -1.996334617817404e-01 -1.996476776472758e-01
-2.072072072072072e-01 -1.980676865384705e-01 -1.980787511999296e-01
-2.052052052052052e-01 -1.964867435307238e-01 -1.964946808688799e-01
-2.032032032032032e-01 -1.948909655687739e-01 -1.948958110451884e-01
-2.012012012012012e-01 -1.932806846129164e-01 -1.932824848684765e-01
-1.991991991991992e-01 -1.916562315650876e-01 -1.916550439868722e-01
-1.971971971971972e-01 -1.900179360652380e-01 -1.900138283241632e-01
-1.951951951951952e-01 -1.883661262925681e-01 -1.883591758543049e-01
-1.931931931931932e-01 -1.867011287717381e-01 -1.866914223834131e-01
-1.911911911911912e-01 -1.850232681841442e-01 -1.850109013393547e-01
-1.891891891891891e-01 -1.833328671843531e-01 -1.833179435690259e-01
-1.871871871871872e-01 -1.816302462217788e-01 -1.816128771433997e-01
-1.851851851851852e-01 -1.799157233676710e-01 -1.798960271703963e-01
-1.831831831831832e-01 -1.781896141474866e-01 -1.781677156156235e-01
-1.811811811811812e-01 -1.764522313787015e-01 -1.764282611310115e-01
-1.791791791791791e-01 -1.747038850141131e-01 -1.746779788913533e-01
-1.771771771771772e-01 -1.729448819906803e-01 -1.729171804387493e-01
-1.751751751751752e-01 -1.711755260839371e-01 -1.711461735349361e-01
-1.731731731731732e-01 -1.693961177680105e-01 -1.693652620214705e-01
-1.711711711711712e-01 -1.676069540812665e-01 -1.675747456877232e-01
-1.691691691691691e-01 -1.658083284976000e-01 -1.657749201466264e-01
-1.671671671671672e-01 -1.640005308033809e-01 -1.639660767181088e-01
-1.651651651651652e-01 -1.621838469800581e-01 -1.621485023201361e-01
-1.631631631631631e-01 -1.603585590924207e-01 -1.603224793672715e-01
-1.611611611611612e-01 -1.585249451825085e-01 -1.584882856766560e-01
-1.591591591591591e-01 -1.566832791691551e-01 -1.566461943812989e-01
-1.571571571571572e-01 -1.548338307531485e-01 -1.547964738505677e-01
-1.551551551551551e-01 -1.529768653279784e-01 -1.529393876177478e-01
-1.531531531531531e-01 -1.511126438961453e-01 -1.510751943145468e-01
-1.511511511511512e-01 -1.492414229909908e-01 -1.492041476124022e-01
-1.491491491491491e-01 -1.473634546040130e-01 -1.473264961704533e-01
-1.471471471471472e-01 -1.454789861176197e-01 -1.454424835900275e-01
-1.451451451451451e-01 -1.435882602432683e-01 -1.435523483754874e-01
-1.431431431431431e-01 -1.416915149649437e-01 -1.416563239012870e-01
-1.411411411411412e-01 -1.397889834879099e-01 -1.397546383850701e-01
-1.391391391391391e-01 -1.378808941926781e-01 -1.378475148666550e-01
-1.371371371371372e-01 -1.359674705941250e-01 -1.359351711927356e-01
-1.351351351351351e-01 -1.340489313056895e-01 -1.340178200071331e-01
-1.331331331331331e-01 -1.321254900085804e-01 -1.320956687464304e-01
-1.311311311311312e-01 -1.301973554259152e-01 -1.301689196408191e-01
-1.291291291291291e-01 -1.282647313017160e-01 -1.282377697199876e-01
-1.271271271271271e-01 -1.263278163846785e-01 -1.263024108238836e-01
-1.251251251251251e-01 -1.243868044166329e-01 -1.243630296181758e-01
-1.231231231231231e-01 -1.224418841256102e-01 -1.224198076142508e-01
-1.211211211211212e-01 -1.204932392234281e-01 -1.204729211935720e-01
-1.191191191191191e-01 -1.185410484077050e-01 -1.185225416362368e-01
-1.171171171171171e-01 -1.165854853682124e-01 -1.165688351535650e-01
-1.151151151151151e-01 -1.146267187974733e-01 -1.146119629245543e-01
-1.131131131131131e-01 -1.126649124055128e-01 -1.126520811360433e-01
-1.111111111111112e-01 -1.107002249386646e-01 -1.106893410264197e-01
-1.091091091091091e-01 -1.087328102023402e-01 -1.087238889327213e-01
-1.071071071071071e-01 -1.067628170876622e-01 -1.067558663409730e-01
-1.051051051051051e-01 -1.047903896018648e-01 -1.047854099396096e-01
-1.031031031031031e-01 -1.028156669023651e-01 -1.028126516758396e-01
-1.011011011011012e-01 -1.008387833344047e-01 -1.008377188148016e-01
-9.909909909909909e-02 -9.885986847216804e-02 -9.886073400137707e-02
-9.709709709709713e-02 -9.687904716327372e-02 -9.688181532452017e-02
-9.509509509509506e-02 -9.489643957654678e-02 -9.490107638397077e-02
-9.309309309309310e-02 -9.291216125296897e-02 -9.291862635922420e-02
-9.109109109109104e-02 -9.092632315971509e-02 -9.093457008062855e-02
-8.908908908908908e-02 -8.893903174717521e-02 -8.894900810249150e-02
-8.708708708708712e-02 -8.695038900886780e-02 -8.696203677807561e-02
-8.508508508508505e-02 -8.496049254414954e-02 -8.497374833637167e-02
-8.308308308308310e-02 -8.296943562362866e-02 -8.298423096053877e-02
-8.108108108108103e-02 -8.097730725718433e-02 -8.099356886790537e-02
-7.907907907907907e-02 -7.898419226450641e-02 -7.900184239143236e-02
-7.707707707707712e-02 -7.699017134805823e-02 -7.700912806253740e-02
-7.507507507507505e-02 -7.499532116837955e-02 -7.501549869519049e-02
-7.307307307307309e-02 -7.299971442163464e-02 -7.302102347118999e-02
-7.107107107107102e-02 -7.100341991932582e-02 -7.102576802653322e-02
-6.906906906906907e-02 -6.900650267008000e-02 -6.902979453880272e-02
-6.706706706706711e-02 -6.700902396343111e-02 -6.703316181548781e-02
-6.506506506506504e-02 -6.501104145551287e-02 -6.503592538317045e-02
-6.306306306306309e-02 -6.301260925657967e-02 -6.303813757750480e-02
-6.106106106106102e-02 -6.101377802028386e-02 -6.103984763392312e-02
-5.905905905905906e-02 -5.901459503462273e-02 -5.904110177900837e-02
-5.705705705705710e-02 -5.701510431448912e-02 -5.704194332247189e-02
-5.505505505505504e-02 -5.501534669574475e-02 -5.504241274968263e-02
-5.305305305305308e-02 -5.301535993075140e-02 -5.304254781469599e-02
-5.105105105105101e-02 -5.101517878528247e-02 -5.104238363373154e-02
-4.904904904904905e-02 -4.901483513675452e-02 -4.904195277905776e-02
-4.704704704704710e-02 -4.701435807370521e-02 -4.704128537323758e-02
-4.504504504504503e-02 -4.501377399646059e-02 -4.504040918369855e-02
-4.304304304304307e-02 -4.301310671892064e-02 -4.303934971759010e-02
-4.104104104104100e-02 -4.101237757140840e-02 -4.103813031689306e-02
-3.903903903903905e-02 -3.901160550452237e-02 -3.903677225375356e-02
-3.703703703703709e-02 -3.701080719393009e-02 -3.703529482600962e-02
-3.503503503503502e-02 -3.500999714605229e-02 -3.503371545288736e-02
-3.303303303303307e-02 -3.300918780458043e-02 -3.303204977084254e-02
-3.103103103103100e-02 -3.100838965777543e-02 -3.103031172952494e-02
-2.902902902902904e-02 -2.900761134649427e-02 -2.902851368784957e-02
-2.702702702702697e-02 -2.700685977289908e-02 -2.702666651015422e-02
-2.502502502502502e-02 -2.500614020979452e-02 -2.502477966243195e-02
-2.302302302302306e-02 -2.300545641055119e-02 -2.302286130862180e-02
-2.102102102102099e-02 -2.100481071956440e-02 -2.102091840694916e-02
-1.901901901901903e-02 -1.900420418320953e-02 -1.901895680630445e-02
-1.701701701701697e-02 -1.700363666124342e-02 -1.701698134265094e-02
-1.501501501501501e-02 -1.500310693861489e-02 -1.501499593545695e-02
-1.301301301301305e-02 -1.300261283763679e-02 -1.301300368414355e-02
-1.101101101101098e-02 -1.100215133048865e-02 -1.101100696454556e-02
-9.009009009009028e-03 -9.001718651997326e-03 -9.009007525380953e-03
-7.007007007006960e-03 -7.001310412665595e-03 -7.007006584724793e-03
-5.005005005005003e-03 -5.000921711905687e-03 -5.005004926488205e-03
-3.003003003003046e-03 -3.000547251442709e-03 -3.003002996897580e-03
-1.001001001000978e-03 -1.000181448845896e-03 -1.001001000975853e-03
1.001001001001089e-03 1.000181448845986e-03 1.001001000975964e-03
3.003003003003046e-03 3.000547251442989e-03 3.003002996897580e-03
5.005005005005003e-03 5.000921711905803e-03 5.005004926488205e-03
7.007007007006960e-03 7.001310412665948e-03 7.007006584724793e-03
9.009009009008917e-03 9.001718651997719e-03 9.009007525380842e-03
1.101101101101110e-02 1.100215133048906e-02 1.101100696454567e-02
1.301301301301305e-02 1.300261283763684e-02 1.301300368414355e-02
1.501501501501501e-02 1.500310693861490e-02 1.501499593545695e-02
1.701701701701697e-02 1.700363666124377e-02 1.701698134265094e-02
1.901901901901892e-02 1.900420418320978e-02 1.901895680630434e-02
2.102102102102110e-02 2.100481071956472e-02 2.102091840694927e-02
2.302302302302306e-02 2.300545641055130e-02 2.302286130862180e-02
2.502502502502502e-02 2.500614020979476e-02 2.502477966243195e-02
2.702702702702697e-02 2.700685977289946e-02 2.702666651015422e-02
2.902902902902893e-02 2.900761134649445e-02 2.902851368784946e-02
3.103103103103111e-02 3.100838965777586e-02 3.103031172952505e-02
3.303303303303307e-02 3.300918780458065e-02 3.303204977084254e-02
3.503503503503502e-02 3.500999714605250e-02 3.503371545288736e-02
3.703703703703698e-02 3.701080719393009e-02 3.703529482600951e-02
3.903903903903894e-02 3.901160550452270e-02 3.903677225375345e-02
4.104104104104112e-02 4.101237757140892e-02 4.103813031689317e-02
4.304304304304307e-02 4.301310671892068e-02 4.303934971759010e-02
4.504504504504503e-02 4.501377399646098e-02 4.504040918369855e-02
4.704704704704699e-02 4.701435807370525e-02 4.704128537323747e-02
4.904904904904894e-02 4.901483513675452e-02 4.904195277905765e-02
5.105105105105112e-02 5.101517878528276e-02 5.104238363373165e-02
5.305305305305308e-02 5.301535993075138e-02 5.304254781469599e-02
5.505505505505504e-02 5.501534669574488e-02 5.504241274968263e-02
5.705705705705699e-02 5.701510431448915e-02 5.704194332247178e-02
5.905905905905895e-02 5.901459503462287e-02 5.904110177900826e-02
6.106106106106113e-02 6.101377802028413e-02 6.103984763392323e-02
6.306306306306309e-02 6.301260925658012e-02 6.303813757750480e-02
6.506506506506504e-02 6.501104145551299e-02 6.503592538317045e-02
6.706706706706700e-02 6.700902396343106e-02 6.703316181548770e-02
6.906906906906918e-02 6.900650267008050e-02 6.902979453880283e-02
7.107107107107113e-02 7.100341991932607e-02 7.102576802653333e-02
7.307307307307309e-02 7.299971442163541e-02 7.302102347118999e-02
7.507507507507505e-02 7.499532116838008e-02 7.501549869519049e-02
7.707707707707701e-02 7.699017134805813e-02 7.700912806253729e-02
7.907907907907918e-02 7.898419226450651e-02 7.900184239143247e-02
8.108108108108114e-02 8.097730725718469e-02 8.099356886790549e-02
8.308308308308310e-02 8.296943562362846e-02 8.298423096053877e-02
8.508508508508505e-02 8.496049254414920e-02 8.497374833637167e-02
8.708708708708701e-02 8.695038900886831e-02 8.696203677807550e-02
8.908908908908919e-02 8.893903174717527e-02 8.894900810249161e-02
9.109109109109115e-02 9.092632315971524e-02 9.093457008062866e-02
9.309309309309310e-02 9.291216125296907e-02 9.291862635922420e-02
9.509509509509506e-02 9.489643957654746e-02 9.490107638397077e-02
9.709709709709702e-02 9.687904716327390e-02 9.688181532452006e-02
9.909909909909920e-02 9.885986847216835e-02 9.886073400137718e-02
1.011011011011012e-01 1.008387833344045e-01 1.008377188148016e-01
1.031031031031031e-01 1.028156669023653e-01 1.028126516758396e-01
1.051051051051051e-01 1.047903896018652e-01 1.047854099396096e-01
1.071071071071070e-01 1.067628170876630e-01 1.067558663409729e-01
1.091091091091092e-01 1.087328102023405e-01 1.087238889327214e-01
1.111111111111112e-01 1.107002249386644e-01 1.106893410264197e-01
1.131131131131131e-01 1.126649124055133e-01 1.126520811360433e-01
1.151151151151151e-01 1.146267187974735e-01 1.146119629245543e-01
1.171171171171170e-01 1.165854853682124e-01 1.165688351535649e-01
1.191191191191192e-01 1.185410484077055e-01 1.185225416362369e-01
1.211211211211212e-01 1.204932392234283e-01 1.204729211935720e-01
1.231231231231231e-01 1.224418841256103e-01 1.224198076142508e-01
1.251251251251251e-01 1.243868044166330e-01 1.243630296181758e-01
1.271271271271270e-01 1.263278163846795e-01 1.263024108238835e-01
1.291291291291292e-01 1.282647313017160e-01 1.282377697199877e-01
1.311311311311312e-01 1.301973554259153e-01 1.301689196408191e-01
1.331331331331331e-01 1.321254900085803e-01 1.320956687464304e-01
1.351351351351351e-01 1.340489313056906e-01 1.340178200071331e-01
1.371371371371370e-01 1.359674705941253e-01 1.359351711927355e-01
1.391391391391392e-01 1.378808941926790e-01 1.378475148666551e-01
1.411411411411412e-01 1.397889834879100e-01 1.397546383850701e-01
1.431431431431431e-01 1.416915149649438e-01 1.416563239012870e-01
1.451451451451451e-01 1.435882602432679e-01 1.435523483754874e-01
1.471471471471471e-01 1.454789861176197e-01 1.454424835900274e-01
1.491491491491492e-01 1.473634546040131e-01 1.473264961704535e-01
1.511511511511512e-01 1.492414229909899e-01 1.492041476124022e-01
1.531531531531531e-01 1.511126438961450e-01 1.510751943145468e-01
1.551551551551551e-01 1.529768653279795e-01 1.529393876177478e-01
1.571571571571571e-01 1.548338307531481e-01 1.547964738505676e-01
1.591591591591592e-01 1.566832791691546e-01 1.566461943812990e-01
1.611611611611612e-01 1.585249451825074e-01 1.584882856766560e-01
1.631631631631631e-01 1.603585590924218e-01 1.603224793672715e-01
1.651651651651651e-01 1.621838469800596e-01 1.621485023201359e-01
1.671671671671671e-01 1.640005308033796e-01 1.639660767181086e-01
1.691691691691692e-01 1.658083284976006e-01 1.657749201466265e-01
1.711711711711712e-01 1.676069540812651e-01 1.675747456877232e-01
1.731731731731732e-01 1.693961177680096e-01 1.693652620214705e-01
1.751751751751751e-01 1.711755260839377e-01 1.711461735349361e-01
1.771771771771771e-01 1.729448819906800e-01 1.729171804387492e-01
1.791791791791792e-01 1.747038850141134e-01 1.746779788913534e-01
1.811811811811812e-01 1.764522313787011e-01 1.764282611310115e-01
1.831831831831832e-01 1.781896141474873e-01 1.781677156156235e-01
1.851851851851851e-01 1.799157233676718e-01 1.798960271703962e-01
1.871871871871871e-01 1.816302462217786e-01 1.816128771433996e-01
1.891891891891893e-01 1.833328671843532e-01 1.833179435690260e-01
1.911911911911912e-01 1.850232681841441e-01 1.850109013393547e-01
1.931931931931932e-01 1.867011287717382e-01 1.866914223834131e-01
1.951951951951951e-01 1.883661262925676e-01 1.883591758543048e-01
1.971971971971973e-01 1.900179360652383e-01 1.900138283241633e-01
1.991991991991993e-01 1.916562315650868e-01 1.916550439868723e-01
2.012012012012012e-01 1.932806846129178e-01 1.932824848684765e-01
2.032032032032032e-01 1.948909655687735e-01 1.948958110451884e-01
2.052052052052051e-01 1.964867435307230e-01 1.964946808688799e-01
2.072072072072073e-01 1.980676865384711e-01 1.980787511999297e-01
2.092092092092093e-01 1.996334617817408e-01 1.996476776472759e-01
2.112112112112112e-01 2.011837358132894e-01 2.012011148155091e-01
2.132132132132132e-01 2.027181747664222e-01 2.027387165588154e-01
2.152152152152151e-01 2.042364445768439e-01 2.042601362415662e-01
2.172172172172173e-01 2.057382112087752e-01 2.057650270053269e-01
2.192192192192193e-01 2.072231408850893e-01 2.072530420420377e-01
2.212212212212212e-01 2.086909003213717e-01 2.087238348731048e-01
2.232232232232232e-01 2.101411569636920e-01 2.101770596341110e-01
2.252252252252251e-01 2.115735792299512e-01 2.116123713648446e-01
2.272272272272273e-01 2.129878367545664e-01 2.130294263043204e-01
2.292292292292293e-01 2.143836006363443e-01 2.144278821904480e-01
2.312312312312312e-01 2.157605436893339e-01 2.158073985639865e-01
2.332332332332332e-01 2.171183406963905e-01 2.171676370764007e-01
2.352352352352352e-01 2.184566686653420e-01 2.185082618012227e-01
2.372372372372373e-01 2.197752070874124e-01 2.198289395484976e-01
2.392392392392393e-01 2.210736381977666e-01 2.211293401818810e-01
2.412412412412412e-01 2.223516472378823e-01 2.224091369379383e-01
2.432432432432432e-01 2.236089227195138e-01 2.236680067471761e-01
2.452452452452452e-01 2.248451566899915e-01 2.249056305563278e-01
2.472472472472473e-01 2.260600449986078e-01 2.261216936513961e-01
2.492492492492493e-01 2.272532875638095e-01 2.273158859809458e-01
2.512512512512513e-01 2.284245886409232e-01 2.284879024791282e-01
2.532532532532532e-01 2.295736570901459e-01 2.296374433879046e-01
2.552552552552552e-01 2.307002066444875e-01 2.307642145779310e-01
2.572572572572573e-01 2.318039561773931e-01 2.318679278675574e-01
2.592592592592593e-01 2.328846299697670e-01 2.329483013393839e-01
2.612612612612613e-01 2.339419579760239e-01 2.340050596538186e-01
2.632632632632632e-01 2.349756760889718e-01 2.350379343590694e-01
2.652652652652652e-01 2.359855264030992e-01 2.360466641970057e-01
2.672672672672673e-01 2.369712574760196e-01 2.370309954043228e-01
2.692692692692693e-01 2.379326245877360e-01 2.379906820084424e-01
2.712712712712713e-01 2.388693899974158e-01 2.389254861175855e-01
2.732732732732732e-01 2.397813231973201e-01 2.398351782044571e-01
2.752752752752752e-01 2.406682011635496e-01 2.407195373829886e-01
2.772772772772774e-01 2.415298086033688e-01 2.415783516775909e-01
2.792792792792793e-01 2.423659381986177e-01 2.424114182843786e-01
2.812812812812813e-01 2.431763908450315e-01 2.432185438238397e-01
2.832832832832832e-01 2.439609758870485e-01 2.439995445844332e-01
2.852852852852852e-01 2.447195113477246e-01 2.447542467566140e-01
2.872872872872874e-01 2.454518241536115e-01 2.454824866567991e-01
2.892892892892893e-01 2.461577503539534e-01 2.461841109408055e-01
2.912912912912913e-01 2.468371353342120e-01 2.468589768063103e-01
2.932932932932932e-01 2.474898340232603e-01 2.475069521839019e-01
2.952952952952952e-01 2.481157110942122e-01 2.481279159163141e-01
2.972972972972974e-01 2.487146411582892e-01 2.487217579254580e-01
2.992992992992993e-01 2.492865089515667e-01 2.492883793668889e-01
3.013013013013013e-01 2.498312095142718e-01 2.498276927713748e-01
3.033033033033032e-01 2.503486483621742e-01 2.503396221732549e-01
3.053053053053052e-01 2.508387416499372e-01 2.508241032253085e-01
3.073073073073074e-01 2.513014163259407e-01 2.512810832998819e-01
3.093093093093093e-01 2.517366102784681e-01 2.517105215760487e-01
3.113113113113113e-01 2.521442724727038e-01 2.521123891126142e-01
3.133133133133132e-01 2.525243630785345e-01 2.524866689068000e-01
3.153153153153154e-01 2.528768535886168e-01 2.528333559384802e-01
3.173173173173174e-01 2.532017269266047e-01 2.531524571998731e-01
3.193193193193193e-01 2.534989775451479e-01 2.534439917106218e-01
3.213213213213213e-01 2.537686115135350e-01 2.537079905182334e-01
3.233233233233233e-01 2.540106465945398e-01 2.539444966838760e-01
3.253253253253254e-01 2.542251123104555e-01 2.541535652535690e-01
3.273273273273274e-01 2.544120499978520e-01 2.543352632148321e-01
3.293293293293293e-01 2.545715128510503e-01 2.544896694388921e-01
3.313313313313313e-01 2.547035659539468e-01 2.546168746085794e-01
3.333333333333333e-01 2.548082863000915e-01 2.547169811320755e-01
3.353353353353354e-01 2.548857628007480e-01 2.547901030427072e-01
3.373373373373374e-01 2.549360962808668e-01 2.548363658850110e-01
3.393393393393394e-01 2.549593994626981e-01 2.548559065873203e-01
3.413413413413413e-01 2.549557969370722e-01 2.548488733211609e-01
3.433433433433433e-01 2.549254251219777e-01 2.548154253477621e-01
3.453453453453454e-01 2.548684322085341e-01 2.547557328520220e-01
3.473473473473474e-01 2.547849780942562e-01 2.546699767642887e-01
3.493493493493494e-01 2.546752343033166e-01 2.545583485703442e-01
3.513513513513513e-01 2.545393838939965e-01 2.544210501099999e-01
3.533533533533533e-01 2.543776213531762e-01 2.542582933647346e-01
3.553553553553555e-01 2.541901524777347e-01 2.540703002348269e-01
3.573573573573574e-01 2.539771942430981e-01 2.538573023064485e-01
3.593593593593594e-01 2.537389746586699e-01 2.536195406092085e-01
3.613613613613613e-01 2.534757326103519e-01 2.533572653646462e-01
3.633633633633633e-01 2.531877176901879e-01 2.530707357261913e-01
3.653653653653655e-01 2.528751900130308e-01 2.527602195111159e-01
3.673673673673674e-01 2.525384200205487e-01 2.524259929250187e-01
3.693693693693694e-01 2.521776882726489e-01 2.520683402793853e-01
3.713713713713713e-01 2.517932852261008e-01 2.516875537027806e-01
3.733733733733733e-01 2.513855110010673e-01 2.512839328462305e-01
3.753753753753755e-01 2.509546751352478e-01 2.508577845833567e-01
3.773773773773774e-01 2.505010963260692e-01 2.504094227058294e-01
3.793793793793794e-01 2.500251021610364e-01 2.499391676147022e-01
3.813813813813813e-01 2.495270288365054e-01 2.494473460081948e-01
3.833833833833833e-01 2.490072208650798e-01 2.489342905664849e-01
3.853853853853855e-01 2.484660307721744e-01 2.484003396340662e-01
3.873873873873874e-01 2.479038187813831e-01 2.478458369002253e-01
3.893893893893894e-01 2.473209524899230e-01 2.472711310781825e-01
3.913913913913913e-01 2.467178065336298e-01 2.466765755834330e-01
3.933933933933933e-01 2.460947622422942e-01 2.460625282118160e-01
3.953953953953955e-01 2.454522072858564e-01 2.454293508178284e-01
3.973973973973974e-01 2.447905353112694e-01 2.447774089936886e-01
3.993993993993994e-01 2.441101455711713e-01 2.441070717496391e-01
4.014014014014013e-01 2.434114425444050e-01 2.434187111959703e-01
4.034034034034033e-01 2.426948355487503e-01 2.427127022272246e-01
4.054054054054055e-01 2.419607383468456e-01 2.419894222090295e-01
4.074074074074074e-01 2.412095687452180e-01 2.412492506679919e-01
4.094094094094094e-01 2.404417481873553e-01 2.404925689850636e-01
4.114114114114114e-01 2.396577013412589e-01 2.397197600927783e-01
4.134134134134133e-01 2.388578556820013e-01 2.389312081767343e-01
4.154154154154155e-01 2.380426410697502e-01 2.381272983816837e-01
4.174174174174174e-01 2.372124893242505e-01 2.373084165225672e-01
4.194194194194194e-01 2.363678337960389e-01 2.364749488008149e-01
4.214214214214214e-01 2.355091089348175e-01 2.356272815262138e-01
4.234234234234233e-01 2.346367498566076e-01 2.347658008446238e-01
4.254254254254255e-01 2.337511919088092e-01 2.338908924718018e-01
4.274274274274275e-01 2.328528702354972e-01 2.330029414335769e-01
4.294294294294294e-01 2.319422193423993e-01 2.321023318125956e-01
4.314314314314314e-01 2.310196726627688e-01 2.311894465018421e-01
4.334334334334333e-01 2.300856621249718e-01 2.302646669651119e-01
4.354354354354355e-01 2.291406177221949e-01 2.293283730046045e-01
4.374374374374375e-01 2.281849670853250e-01 2.283809425357769e-01
4.394394394394394e-01 2.272191350593538e-01 2.274227513695835e-01
4.414414414414414e-01 2.262435432845102e-01 2.264541730022086e-01
4.434434434434436e-01 2.252586097826356e-01 2.254755784123803e-01
4.454454454454455e-01 2.242647485493924e-01 2.244873358663368e-01
4.474474474474475e-01 2.232623691534544e-01 2.234898107304970e-01
4.494494494494494e-01 2.222518763432405e-01 2.224833652918769e-01
4.514514514514514e-01 2.212336696617627e-01 2.214683585862688e-01
4.534534534534536e-01 2.202081430709125e-01 2.204451462341912e-01
4.554554554554555e-01 2.191756845852737e-01 2.194140802846020e-01
4.574574574574575e-01 2.181366759167282e-01 2.183755090663478e-01
4.594594594594594e-01 2.170914921304054e-01 2.173297770473168e-01
4.614614614614614e-01 2.160405013126135e-01 2.162772247012435e-01
4.634634634634636e-01 2.149840642520071e-01 2.152181883821030e-01
4.654654654654655e-01 2.139225341339525e-01 2.141530002060234e-01
4.674674674674675e-01 2.128562562493297e-01 2.130819879406279e-01
4.694694694694694e-01 2.117855677185533e-01 2.120054749017158e-01
4.714714714714714e-01 2.107107972310912e-01 2.109237798571757e-01
4.734734734734736e-01 2.096322648015038e-01 2.098372169380160e-01
4.754754754754755e-01 2.085502815425873e-01 2.087460955563950e-01
4.774774774774775e-01 2.074651494560916e-01 2.076507203305148e-01
4.794794794794794e-01 2.063771612418041e-01 2.065513910162478e-01
4.814814814814814e-01 2.052866001257797e-01 2.054484024453498e-01
4.834834834834836e-01 2.041937397077569e-01 2.043420444701103e-01
4.854854854854855e-01 2.030988438287617e-01 2.032326019142872e-01
4.874874874874875e-01 2.020021664592760e-01 2.021203545301654e-01
4.894894894894894e-01 2.009039516085319e-01 2.010055769615766e-01
4.914914914914914e-01 1.998044332550297e-01 1.998885387127149e-01
4.934934934934936e-01 1.987038352993383e-01 1.987695041225760e-01
4.954954954954955e-01 1.976023715389285e-01 1.976487323448500e-01
4.974974974974975e-01 1.965002456657779e-01 1.965264773330915e-01
4.994994994994995e-01 1.953976512868560e-01 1.954029878309938e-01
5.015015015015014e-01 1.942947719679144e-01 1.942785073675873e-01
5.035035035035036e-01 1.931917813004992e-01 1.931532742571867e-01
5.055055055055055e-01 1.920888429931312e-01 1.920275216039087e-01
5.075075075075075e-01 1.909861109853621e-01 1.909014773105805e-01
5.095095095095095e-01 1.898837295864550e-01 1.897753640918656e-01
5.115115115115114e-01 1.887818336375397e-01 1.886493994914270e-01
5.135135135135136e-01 1.876805486972854e-01 1.875237959029544e-01
5.155155155155156e-01 1.865799912524614e-01 1.863987605948813e-01
5.175175175175175e-01 1.854802689504801e-01 1.852744957386192e-01
5.195195195195195e-01 1.843814808567317e-01 1.841511984401407e-01
5.215215215215214e-01 1.832837177347471e-01 1.830290607747414e-01
5.235235235235236e-01 1.821870623486638e-01 1.819082698248176e-01
5.255255255255256e-01 1.810915897890560e-01 1.807890077204962e-01
5.275275275275275e-01 1.799973678202037e-01 1.796714516829560e-01
5.295295295295295e-01 1.789044572496397e-01 1.785557740702867e-01
5.315315315315314e-01 1.778129123177936e-01 1.774421424257294e-01
5.335335335335336e-01 1.767227811091971e-01 1.763307195281499e-01
5.355355355355356e-01 1.756341059825365e-01 1.752216634445986e-01
5.375375375375375e-01 1.745469240201028e-01 1.741151275848120e-01
5.395395395395395e-01 1.734612674953227e-01 1.730112607575195e-01
5.415415415415414e-01 1.723771643577470e-01 1.719102072284167e-01
5.435435435435436e-01 1.712946387341359e-01 1.708121067796763e-01
5.455455455455456e-01 1.702137114450740e-01 1.697170947708664e-01
5.475475475475475e-01 1.691344005353211e-01 1.686253022011532e-01
5.495495495495495e-01 1.680567218184849e-01 1.675368557726684e-01
5.515515515515514e-01 1.669806894316084e-01 1.664518779549235e-01
5.535535535535536e-01 1.659063164020015e-01 1.653704870501610e-01
5.555555555555556e-01 1.648336152222116e-01 1.642927972595330e-01
5.575575575575575e-01 1.637625984333410e-01 1.632189187500014e-01
5.595595595595595e-01 1.626932792141384e-01 1.621489577218627e-01
5.615615615615615e-01 1.616256719751751e-01 1.610830164767982e-01
5.635635635635636e-01 1.605597929554911e-01 1.600211934863568e-01
5.655655655655656e-01 1.594956608213925e-01 1.589635834607847e-01
5.675675675675675e-01 1.584332972636440e-01 1.579102774181117e-01
5.695695695695695e-01 1.573727275940026e-01 1.568613627534177e-01
5.715715715715717e-01 1.563139813359781e-01 1.558169233081986e-01
5.735735735735736e-01 1.552570928111882e-01 1.547770394397594e-01
5.755755755755756e-01 1.542021017156719e-01 1.537417880905611e-01
5.775775775775776e-01 1.531490536886217e-01 1.527112428574580e-01
5.795795795795795e-01 1.520980008669506e-01 1.516854740607584e-01
5.815815815815817e-01 1.510490024261186e-01 1.506645488130502e-01
5.835835835835836e-01 1.500021251054490e-01 1.496485310877333e-01
5.855855855855856e-01 1.489574437129913e-01 1.486374817872048e-01
5.875875875875876e-01 1.479150416112327e-01 1.476314588106461e-01
5.895895895895895e-01 1.468750111790203e-01 1.466305171213646e-01
5.915915915915917e-01 1.458374542469429e-01 1.456347088136430e-01
5.935935935935936e-01 1.448024825066983e-01 1.446440831790568e-01
5.955955955955956e-01 1.437702178889034e-01 1.436586867722170e-01
5.975975975975976e-01 1.427407929090748e-01 1.426785634759039e-01
5.995995995995995e-01 1.417143509785229e-01 1.417037545655567e-01
6.016016016016017e-01 1.406910466779775e-01 1.407342987730866e-01
6.036036036036037e-01 1.396710459915514e-01 1.397702323499846e-01
6.056056056056056e-01 1.386545264988299e-01 1.388115891296957e-01
6.076076076076076e-01 1.376416775226117e-01 1.378584005892365e-01
6.096096096096095e-01 1.366327002302299e-01 1.369106959100316e-01
6.116116116116117e-01 1.356278076864195e-01 1.359685020379484e-01
6.136136136136137e-01 1.346272248527269e-01 1.350318437425127e-01
6.156156156156156e-01 1.336311885379338e-01 1.341007436752860e-01
6.176176176176176e-01 1.326399472882424e-01 1.331752224273919e-01
6.196196196196195e-01 1.316537612236951e-01 1.322552985861762e-01
6.216216216216217e-01 1.306729018125425e-01 1.313409887909904e-01
6.236236236236237e-01 1.296976515864378e-01 1.304323077880874e-01
6.256256256256256e-01 1.287283037900460e-01 1.295292684846218e-01
6.276276276276276e-01 1.277651619674275e-01 1.286318820017471e-01
6.296296296296295e-01 1.268085394797485e-01 1.277401577268039e-01
6.316316316316317e-01 1.258587589579750e-01 1.268541033645949e-01
6.336336336336337e-01 1.249161516833118e-01 1.259737249877443e-01
6.356356356356356e-01 1.239810568969065e-01 1.250990270861365e-01
6.376376376376376e-01 1.230538210404066e-01 1.242300126154381e-01
6.396396396396395e-01 1.221347969195118e-01 1.233666830446982e-01
6.416416416416417e-01 1.212243427970811e-01 1.225090384030319e-01
6.436436436436437e-01 1.203228214116578e-01 1.216570773253867e-01
6.456456456456456e-01 1.194305989198961e-01 1.208107970973960e-01
6.476476476476476e-01 1.185480437656881e-01 1.199701936993231e-01
6.496496496496496e-01 1.176755254732203e-01 1.191352618490999e-01
6.516516516516517e-01 1.168134133675445e-01 1.183059950444660e-01
6.536536536536537e-01 1.159620752188164e-01 1.174823856042142e-01
6.556556556556556e-01 1.151218758143025e-01 1.166644247085481e-01
6.576576576576576e-01 1.142931754594359e-01 1.158521024385605e-01
6.596596596596596e-01 1.134763284045994e-01 1.150454078148392e-01
6.616616616616617e-01 1.126716812064526e-01 1.142443288352079e-01
6.636636636636637e-01 1.118795710193607e-01 1.134488525116132e-01
6.656656656656657e-01 1.111003238210009e-01 1.126589649061641e-01
6.676676676676676e-01 1.103342525780505e-01 1.118746511663353e-01
6.696696696696696e-01 1.095816553490766e-01 1.110958955593438e-01
6.716716716716717e-01 1.088428133309693e-01 1.103226815057085e-01
6.736736736736737e-01 1.081179888556452e-01 1.095549916120047e-01
6.756756756756757e-01 1.074074233328295e-01 1.087928077028220e-01
6.776776776776776e-01 1.067113351508187e-01 1.080361108519391e-01
6.796796796796796e-01 1.060299175359397e-01 1.072848814127251e-01
6.816816816816818e-01 1.053633363804342e-01 1.065390990477798e-01
6.836836836836837e-01 1.047117280335139e-01 1.057987427578240e-01
6.856856856856857e-01 1.040751970777648e-01 1.050637909098512e-01
6.876876876876876e-01 1.034538140826612e-01 1.043342212645535e-01
6.896896896896898e-01 1.028476133499999e-01 1.036100110030335e-01
6.916916916916918e-01 1.022565906565734e-01 1.028911367528137e-01
6.936936936936937e-01 1.016807010009803e-01 1.021775746131553e-01
6.956956956956957e-01 1.011198563658137e-01 1.014693001797002e-01
6.976976976976976e-01 1.005739235012947e-01 1.007662885684464e-01
6.996996996996998e-01 1.000427217349512e-01 1.000685144390698e-01
7.017017017017018e-01 9.952602083328770e-02 9.937595201760575e-02
7.037037037037037e-01 9.902353890397168e-02 9.868857511849954e-02
7.057057057057057e-01 9.853494036551720e-02 9.800635716604146e-02
7.077077077077076e-01 9.805983399070285e-02 9.732927121519627e-02
7.097097097097098e-01 9.759777102946618e-02 9.665728997183953e-02
7.117117117117118e-01 9.714824343769635e-02 9.599038581241366e-02
7.137137137137137e-01 9.671068220619698e-02 9.532853080301407e-02
7.157157157157157e-01 9.628445582020478e-02 9.467169671791875e-02
7.177177177177176e-01 9.586886885285704e-02 9.401985505757217e-02
7.197197197197198e-01 9.546316070591318e-02 9.337297706603512e-02
7.217217217217218e-01 9.506650452267069e-02 9.273103374791271e-02
7.237237237237237e-01 9.467800627757403e-02 9.209399588477056e-02
7.257257257257257e-01 9.429670406100146e-02 9.146183405105206e-02
7.277277277277276e-01 9.392156757971444e-02 9.083451862950691e-02
7.297297297297298e-01 9.355149787922272e-02 9.021201982614194e-02
7.317317317317318e-01 9.318532732008238e-02 8.959430768470585e-02
7.337337337337337e-01 9.282181980767815e-02 8.898135210071725e-02
7.357357357357357e-01 9.245967130909903e-02 8.837312283504836e-02
7.377377377377377e-01 9.209751065986566e-02 8.776958952707330e-02
7.397397397397398e-01 9.173390069349745e-02 8.717072170739218e-02
7.417417417417418e-01 9.136733969918379e-02 8.657648881014099e-02
7.437437437437437e-01 9.099626323378510e-02 8.598686018489657e-02
7.457457457457457e-01 9.061904630453153e-02 8.540180510818786e-02
7.477477477477477e-01 9.023400594325030e-02 8.482129279462192e-02
7.497497497497498e-01 8.983940418310753e-02 8.424529240763470e-02
7.517517517517518e-01 8.943345146774380e-02 8.367377306987622e-02
7.537537537537538e-01 8.901431050465032e-02 8.310670387323864e-02
7.557557557557557e-01 8.858010058434818e-02 8.254405388853693e-02
7.577577577577577e-01 8.812890237809440e-02 8.198579217485084e-02
7.597597597597598e-01 8.765876324195016e-02 8.143188778853663e-02
7.617617617617618e-01 8.716770303768745e-02 8.088230979191764e-02
7.637637637637638e-01 8.665372048991851e-02 8.033702726166125e-02
7.657657657657657e-01 8.611480009320632e-02 7.979600929685152e-02
7.677677677677677e-01 8.554891959917772e-02 7.925922502676480e-02
7.697697697697699e-01 8.495405807545632e-02 7.872664361835645e-02
7.717717717717718e-01 8.432820457712968e-02 7.819823428346670e-02
7.737737737737738e-01 8.366936741605073e-02 7.767396628575270e-02
7.757757757757757e-01 8.297558407806507e-02 7.715380894735456e-02
7.777777777777777e-01 8.224493175819735e-02 7.663773165530294e-02
7.797797797797799e-01 8.147553855582812e-02 7.612570386767455e-02
7.817817817817818e-01 8.066559532255045e-02 7.561769511950343e-02
7.837837837837838e-01 7.981336817306355e-02 7.511367502845391e-02
7.857857857857857e-01 7.891721166729014e-02 7.461361330026282e-02
7.877877877877877e-01 7.797558266824602e-02 7.411747973395695e-02
7.897897897897899e-01 7.698705485600865e-02 7.362524422685218e-02
7.917917917917918e-01 7.595033394662874e-02 7.313687677934098e-02
7.937937937937938e-01 7.486427353783522e-02 7.265234749947347e-02
7.957957957957957e-01 7.372789165635885e-02 7.217162660733895e-02
7.977977977977977e-01 7.254038791895907e-02 7.169468443925339e-02
7.997997997997999e-01 7.130116137053331e-02 7.122149145175821e-02
8.018018018018018e-01 7.000982890637357e-02 7.075201822543660e-02
8.038038038038038e-01 6.866624432338334e-02 7.028623546855191e-02
8.058058058058057e-01 6.727051793646112e-02 6.982411402051440e-02
8.078078078078077e-01 6.582303675062774e-02 6.936562485518077e-02
8.098098098098099e-01 6.432448512839170e-02 6.891073908399176e-02
8.118118118118118e-01 6.277586596837760e-02 6.845942795895306e-02
8.138138138138138e-01 6.117852227997810e-02 6.801166287546341e-02
8.158158158158157e-01 5.953415916401979e-02 6.756741537499575e-02
8.178178178178179e-01 5.784486610872066e-02 6.712665714763502e-02
8.198198198198199e-01 5.611313956525817e-02 6.668936003447802e-02
8.218218218218218e-01 5.434190570595187e-02 6.625549602989805e-02
8.238238238238238e-01 5.253454330402804e-02 6.582503728368075e-02
8.258258258258258e-01 5.069490666332672e-02 6.539795610303326e-02
8.278278278278279e-01 4.882734847411092e-02 6.497422495447194e-02
8.298298298298299e-01 4.693674252724066e-02 6.455381646559233e-02
8.318318318318318e-01 4.502850614327916e-02 6.413670342672431e-02
8.338338338338338e-01 4.310862225620504e-02 6.372285879247770e-02
8.358358358358358e-01 4.118366092106752e-02 6.331225568318041e-02
8.378378378378379e-01 3.926080022916390e-02 6.290486738621369e-02
8.398398398398399e-01 3.734784635234458e-02 6.250066735724738e-02
8.418418418418419e-01 3.545325267022346e-02 6.209962922137855e-02
8.438438438438438e-01 3.358613771860802e-02 6.170172677417698e-02
8.458458458458458e-01 3.175630179611391e-02 6.130693398264033e-02
8.478478478478479e-01 2.997424203169608e-02 6.091522498606240e-02
8.498498498498499e-01 2.825116570893882e-02 6.052657409681739e-02
8.518518518518519e-01 2.659900154859759e-02 6.014095580106240e-02
8.538538538538538e-01 2.503040878971572e-02 5.975834475936224e-02
8.558558558558558e-01 2.355878372478194e-02 5.937871580723820e-02
8.578578578578580e-01 2.219826342976482e-02 5.900204395564396e-02
8.598598598598599e-01 2.096372641691846e-02 5.862830439137123e-02
8.618618618618619e-01 1.987078980268030e-02 5.825747247738721e-02
8.638638638638638e-01 1.893580276391374e-02 5.788952375310703e-02
8.658658658658658e-01 1.817583577272916e-02 5.752443393460285e-02
8.678678678678680e-01 1.760866535625367e-02 5.716217891475245e-02
8.698698698698699e-01 1.725275386969810e-02 5.680273476332928e-02
8.718718718718719e-01 1.712722389081720e-02 5.644607772703610e-02
8.738738738738738e-01 1.725182677178881e-02 5.609218422948454e-02
8.758758758758758e-01 1.764690480866780e-02 5.574103087112259e-02
8.778778778778780e-01 1.833334657003046e-02 5.539259442911187e-02
8.798798798798799e-01 1.933253479894451e-02 5.504685185715680e-02
8.818818818818819e-01 2.066628630588652e-02 5.470378028528730e-02
8.838838838838838e-01 2.235678324514601e-02 5.436335701959715e-02
8.858858858858858e-01 2.442649512875772e-02 5.402555954193962e-02
8.878878878878880e-01 2.689809087472033e-02 5.369036550958206e-02
8.898898898898899e-01 2.979434021083704e-02 5.335775275482130e-02
8.918918918918919e-01 3.313800360646669e-02 5.302769928456103e-02
8.938938938938938e-01 3.695171000077621e-02 5.270018327985346e-02
8.958958958958958e-01 4.125782146052384e-02 5.237518309540597e-02
8.978978978978980e-01 4.607828382556598e-02 5.205267725905489e-02
8.998998998998999e-01 5.143446254018891e-02 5.173264447120755e-02
9.019019019019019e-01 5.734696253247486e-02 5.141506360425371e-02
9.039039039039038e-01 6.383543125483000e-02 5.109991370194843e-02
9.059059059059058e-01 7.091834373888152e-02 5.078717397876693e-02
9.079079079079080e-01 7.861276845137226e-02 5.047682381923319e-02
9.099099099099099e-01 8.693411301233400e-02 5.016884277722339e-02
9.119119119119119e-01 9.589584821281713e-02 4.986321057524511e-02
9.139139139139139e-01 1.055092092595322e-01 4.955990710369394e-02
9.159159159159158e-01 1.157828727712678e-01 4.925891242008812e-02
9.179179179179180e-01 1.267226081435893e-01 4.896020674828262e-02
9.199199199199199e-01 1.383309017364132e-01 4.866377047766365e-02
9.219219219219219e-01 1.506065523376147e-01 4.836958416232425e-02
9.239239239239239e-01 1.635442362658901e-01 4.807762852022245e-02
9.259259259259258e-01 1.771340403888545e-01 4.778788443232278e-02
9.279279279279280e-01 1.913609612038515e-01 4.750033294172167e-02
9.299299299299300e-01 2.062043682496232e-01 4.721495525275837e-02
9.319319319319319e-01 2.216374297073657e-01 4.693173273011127e-02
9.339339339339339e-01 2.376264982515645e-01 4.665064689788152e-02
9.359359359359358e-01 2.541304549977074e-01 4.637167943866374e-02
9.379379379379380e-01 2.711000092541622e-01 4.609481219260537e-02
9.399399399399400e-01 2.884769518547834e-01 4.582002715645508e-02
9.419419419419419e-01 3.061933594885135e-01 4.554730648260068e-02
9.439439439439439e-01 3.241707476485123e-01 4.527663247809787e-02
9.459459459459461e-01 3.423191694462575e-01 4.500798760368993e-02
9.479479479479480e-01 3.605362575127286e-01 4.474135447281947e-02
9.499499499499500e-01 3.787062062728333e-01 4.447671585063215e-02
9.519519519519519e-01 3.966986913560282e-01 4.421405465297404e-02
9.539539539539539e-01 4.143677232900141e-01 4.395335394538211e-02
9.559559559559561e-01 4.315504319615530e-01 4.369459694206919e-02
9.579579579579580e-01 4.480657786825758e-01 4.343776700490364e-02
9.599599599599600e-01 4.637131921886848e-01 4.318284764238412e-02
9.619619619619619e-01 4.782711249990545e-01 4.292982250861029e-02
9.639639639639639e-01 4.914955263022965e-01 4.267867540224968e-02
9.659659659659661e-01 5.031182273654076e-01 4.242939026550126e-02
9.679679679679680e-01 5.128452353811219e-01 4.218195118305647e-02
9.699699699699700e-01 5.203549314289074e-01 4.193634238105721e-02
9.719719719719719e-01 5.252961682061259e-01 4.169254822605262e-02
9.739739739739739e-01 5.272862627029626e-01 4.145055322395375e-02
9.759759759759761e-01 5.259088792066730e-01 4.121034201898732e-02
9.779779779779780e-01 5.207117975212423e-01 4.097189939264863e-02
9.799799799799800e-01 5.112045612126555e-01 4.073521026265390e-02
9.819819819819819e-01 4.968560005805780e-01 4.050025968189265e-02
9.839839839839839e-01 4.770916246634551e-01 4.026703283738033e-02
9.859859859859861e-01 4.512908765457878e-01 4.003551504921134e-02
9.879879879879880e-01 4.187842457883491e-01 3.980569176951319e-02
9.899899899899900e-01 3.788502320696856e-01 3.957754858140146e-02
9.919919919919920e-01 3.307121530965861e-01 3.935107119793647e-02
9.939939939939939e-01 2.735347903788005e-01 3.912624546108163e-02
9.959959959959961e-01 2.064208658949840e-01 3.890305734066356e-02
9.979979979979980e-01 1.284073421593208e-01 3.868149293333478e-02
1.000000000000000e+00 3.846153844874801e-02 3.846153846153846e-02
