-1.000000000000000e+00 -3.688564848827603e-02 -3.846153846153846e-02
-9.979979979979980e-01 -3.739910241621699e-02 -3.868149293333478e-02
-9.959959959959960e-01 -3.789929159244666e-02 -3.890305734066357e-02
-9.939939939939940e-01 -3.838652648207784e-02 -3.912624546108161e-02
-9.919919919919920e-01 -3.886111758343313e-02 -3.935107119793647e-02
-9.899899899899900e-01 -3.932337533156991e-02 -3.957754858140146e-02
-9.879879879879880e-01 -3.977361000349869e-02 -3.980569176951319e-02
-9.859859859859860e-01 -4.021213162507969e-02 -4.003551504921135e-02
-9.839839839839840e-01 -4.063924987958332e-02 -4.026703283738031e-02
-9.819819819819819e-01 -4.105527401790037e-02 -4.050025968189265e-02
-9.799799799799800e-01 -4.146051277038690e-02 -4.073521026265390e-02
-9.779779779779780e-01 -4.185527426033018e-02 -4.097189939264863e-02
-9.759759759759760e-01 -4.223986591902089e-02 -4.121034201898733e-02
-9.739739739739740e-01 -4.261459440241759e-02 -4.145055322395374e-02
-9.719719719719719e-01 -4.297976550938954e-02 -4.169254822605262e-02
-9.699699699699700e-01 -4.333568410152329e-02 -4.193634238105721e-02
-9.679679679679680e-01 -4.368265402447963e-02 -4.218195118305647e-02
-9.659659659659660e-01 -4.402097803088655e-02 -4.242939026550129e-02
-9.639639639639640e-01 -4.435095770475445e-02 -4.267867540224966e-02
-9.619619619619619e-01 -4.467289338740003e-02 -4.292982250861029e-02
-9.599599599599600e-01 -4.498708410486471e-02 -4.318284764238412e-02
-9.579579579579579e-01 -4.529382749681443e-02 -4.343776700490365e-02
-9.559559559559559e-01 -4.559341974690661e-02 -4.369459694206920e-02
-9.539539539539540e-01 -4.588615551461143e-02 -4.395335394538210e-02
-9.519519519519519e-01 -4.617232786847336e-02 -4.421405465297404e-02
-9.499499499499500e-01 -4.645222822079990e-02 -4.447671585063215e-02
-9.479479479479479e-01 -4.672614626376408e-02 -4.474135447281947e-02
-9.459459459459459e-01 -4.699436990690740e-02 -4.500798760368995e-02
-9.439439439439440e-01 -4.725718521603015e-02 -4.527663247809786e-02
-9.419419419419419e-01 -4.751487635345576e-02 -4.554730648260068e-02
-9.399399399399400e-01 -4.776772551965627e-02 -4.582002715645508e-02
-9.379379379379379e-01 -4.801601289622594e-02 -4.609481219260537e-02
-9.359359359359359e-01 -4.826001659018973e-02 -4.637167943866372e-02
-9.339339339339340e-01 -4.850001257963429e-02 -4.665064689788150e-02
-9.319319319319319e-01 -4.873627466064814e-02 -4.693173273011127e-02
-9.299299299299300e-01 -4.896907439555855e-02 -4.721495525275837e-02
-9.279279279279279e-01 -4.919868106245245e-02 -4.750033294172168e-02
-9.259259259259259e-01 -4.942536160596852e-02 -4.778788443232275e-02
-9.239239239239239e-01 -4.964938058934818e-02 -4.807762852022245e-02
-9.219219219219219e-01 -4.987100014773276e-02 -4.836958416232425e-02
-9.199199199199199e-01 -5.009047994269447e-02 -4.866377047766365e-02
-9.179179179179179e-01 -5.030807711798895e-02 -4.896020674828263e-02
-9.159159159159159e-01 -5.052404625651671e-02 -4.925891242008808e-02
-9.139139139139139e-01 -5.073863933848172e-02 -4.955990710369394e-02
-9.119119119119119e-01 -5.095210570073450e-02 -4.986321057524511e-02
-9.099099099099099e-01 -5.116469199728790e-02 -5.016884277722339e-02
-9.079079079079079e-01 -5.137664216099333e-02 -5.047682381923319e-02
-9.059059059059059e-01 -5.158819736636552e-02 -5.078717397876691e-02
-9.039039039039038e-01 -5.179959599354388e-02 -5.109991370194843e-02
-9.019019019019019e-01 -5.201107359337852e-02 -5.141506360425371e-02
-8.998998998998999e-01 -5.222286285362921e-02 -5.173264447120755e-02
-8.978978978978979e-01 -5.243519356626544e-02 -5.205267725905491e-02
-8.958958958958959e-01 -5.264829259585593e-02 -5.237518309540595e-02
-8.938938938938938e-01 -5.286238384903601e-02 -5.270018327985346e-02
-8.918918918918919e-01 -5.307768824504116e-02 -5.302769928456103e-02
-8.898898898898899e-01 -5.329442368729546e-02 -5.335775275482130e-02
-8.878878878878879e-01 -5.351280503604319e-02 -5.369036550958207e-02
-8.858858858858859e-01 -5.373304408201240e-02 -5.402555954193961e-02
-8.838838838838838e-01 -5.395534952109915e-02 -5.436335701959715e-02
-8.818818818818819e-01 -5.417992693006100e-02 -5.470378028528730e-02
-8.798798798798799e-01 -5.440697874320872e-02 -5.504685185715680e-02
-8.778778778778779e-01 -5.463670423008496e-02 -5.539259442911188e-02
-8.758758758758759e-01 -5.486929947411881e-02 -5.574103087112257e-02
-8.738738738738738e-01 -5.510495735224535e-02 -5.609218422948454e-02
-8.718718718718719e-01 -5.534386751547901e-02 -5.644607772703610e-02
-8.698698698698699e-01 -5.558621637043017e-02 -5.680273476332928e-02
-8.678678678678678e-01 -5.583218706175374e-02 -5.716217891475246e-02
-8.658658658658659e-01 -5.608195945551928e-02 -5.752443393460284e-02
-8.638638638638638e-01 -5.633571012349185e-02 -5.788952375310703e-02
-8.618618618618619e-01 -5.659361232831282e-02 -5.825747247738721e-02
-8.598598598598599e-01 -5.685583600957015e-02 -5.862830439137123e-02
-8.578578578578578e-01 -5.712254777074757e-02 -5.900204395564397e-02
-8.558558558558559e-01 -5.739391086704214e-02 -5.937871580723818e-02
-8.538538538538538e-01 -5.767008519403986e-02 -5.975834475936224e-02
-8.518518518518519e-01 -5.795122727723877e-02 -6.014095580106240e-02
-8.498498498498499e-01 -5.823749026240955e-02 -6.052657409681739e-02
-8.478478478478478e-01 -5.852902390678296e-02 -6.091522498606243e-02
-8.458458458458459e-01 -5.882597457105428e-02 -6.130693398264029e-02
-8.438438438438438e-01 -5.912848521219449e-02 -6.170172677417698e-02
-8.418418418418419e-01 -5.943669537705802e-02 -6.209962922137855e-02
-8.398398398398399e-01 -5.975074119677724e-02 -6.250066735724738e-02
-8.378378378378378e-01 -6.007075538193350e-02 -6.290486738621369e-02
-8.358358358358359e-01 -6.039686721849510e-02 -6.331225568318039e-02
-8.338338338338338e-01 -6.072920256451206e-02 -6.372285879247770e-02
-8.318318318318318e-01 -6.106788384755809e-02 -6.413670342672431e-02
-8.298298298298299e-01 -6.141303006291001e-02 -6.455381646559233e-02
-8.278278278278278e-01 -6.176475677245485e-02 -6.497422495447196e-02
-8.258258258258259e-01 -6.212317610431500e-02 -6.539795610303323e-02
-8.238238238238238e-01 -6.248839675318218e-02 -6.582503728368075e-02
-8.218218218218218e-01 -6.286052398135011e-02 -6.625549602989805e-02
-8.198198198198199e-01 -6.323965962043715e-02 -6.668936003447802e-02
-8.178178178178178e-01 -6.362590207378889e-02 -6.712665714763506e-02
-8.158158158158157e-01 -6.401934631955172e-02 -6.756741537499575e-02
-8.138138138138138e-01 -6.442008391440805e-02 -6.801166287546341e-02
-8.118118118118118e-01 -6.482820299796395e-02 -6.845942795895306e-02
-8.098098098098099e-01 -6.524378829777981e-02 -6.891073908399176e-02
-8.078078078078078e-01 -6.566692113503533e-02 -6.936562485518073e-02
-8.058058058058057e-01 -6.609767943081943e-02 -6.982411402051440e-02
-8.038038038038038e-01 -6.653613771303624e-02 -7.028623546855191e-02
-8.018018018018018e-01 -6.698236712391831e-02 -7.075201822543660e-02
-7.997997997997998e-01 -6.743643542813788e-02 -7.122149145175824e-02
-7.977977977977978e-01 -6.789840702150753e-02 -7.169468443925336e-02
-7.957957957957957e-01 -6.836834294026164e-02 -7.217162660733895e-02
-7.937937937937938e-01 -6.884630087090947e-02 -7.265234749947347e-02
-7.917917917917918e-01 -6.933233516065167e-02 -7.313687677934098e-02
-7.897897897897898e-01 -6.982649682835124e-02 -7.362524422685221e-02
-7.877877877877878e-01 -7.032883357605046e-02 -7.411747973395692e-02
-7.857857857857857e-01 -7.083938980102568e-02 -7.461361330026282e-02
-7.837837837837838e-01 -7.135820660837068e-02 -7.511367502845391e-02
-7.817817817817818e-01 -7.188532182410119e-02 -7.561769511950343e-02
-7.797797797797797e-01 -7.242077000877141e-02 -7.612570386767457e-02
-7.777777777777778e-01 -7.296458247159454e-02 -7.663773165530290e-02
-7.757757757757757e-01 -7.351678728505952e-02 -7.715380894735456e-02
-7.737737737737738e-01 -7.407740930003470e-02 -7.767396628575270e-02
-7.717717717717718e-01 -7.464647016135173e-02 -7.819823428346670e-02
-7.697697697697697e-01 -7.522398832386028e-02 -7.872664361835646e-02
-7.677677677677678e-01 -7.580997906894622e-02 -7.925922502676477e-02
-7.657657657657657e-01 -7.640445452150563e-02 -7.979600929685152e-02
-7.637637637637638e-01 -7.700742366736556e-02 -8.033702726166125e-02
-7.617617617617618e-01 -7.761889237114512e-02 -8.088230979191764e-02
-7.597597597597597e-01 -7.823886339454789e-02 -8.143188778853666e-02
-7.577577577577578e-01 -7.886733641507834e-02 -8.198579217485082e-02
-7.557557557557557e-01 -7.950430804517511e-02 -8.254405388853693e-02
-7.537537537537538e-01 -8.014977185175207e-02 -8.310670387323864e-02
-7.517517517517518e-01 -8.080371837614128e-02 -8.367377306987622e-02
-7.497497497497497e-01 -8.146613515442898e-02 -8.424529240763472e-02
-7.477477477477478e-01 -8.213700673817745e-02 -8.482129279462187e-02
-7.457457457457457e-01 -8.281631471552589e-02 -8.540180510818786e-02
-7.437437437437437e-01 -8.350403773266188e-02 -8.598686018489657e-02
-7.417417417417418e-01 -8.420015151565714e-02 -8.657648881014099e-02
-7.397397397397397e-01 -8.490462889265935e-02 -8.717072170739222e-02
-7.377377377377378e-01 -8.561743981643324e-02 -8.776958952707327e-02
-7.357357357357357e-01 -8.633855138724424e-02 -8.837312283504836e-02
-7.337337337337337e-01 -8.706792787607608e-02 -8.898135210071725e-02
-7.317317317317318e-01 -8.780553074817717e-02 -8.959430768470585e-02
-7.297297297297297e-01 -8.855131868692701e-02 -9.021201982614199e-02
-7.277277277277276e-01 -8.930524761801657e-02 -9.083451862950691e-02
-7.257257257257257e-01 -9.006727073393560e-02 -9.146183405105206e-02
-7.237237237237237e-01 -9.083733851875968e-02 -9.209399588477056e-02
-7.217217217217218e-01 -9.161539877323040e-02 -9.273103374791271e-02
-7.197197197197197e-01 -9.240139664012176e-02 -9.337297706603516e-02
-7.177177177177176e-01 -9.319527462988599e-02 -9.401985505757217e-02
-7.157157157157157e-01 -9.399697264657234e-02 -9.467169671791875e-02
-7.137137137137137e-01 -9.480642801401212e-02 -9.532853080301407e-02
-7.117117117117118e-01 -9.562357550226296e-02 -9.599038581241366e-02
-7.097097097097097e-01 -9.644834735430638e-02 -9.665728997183957e-02
-7.077077077077076e-01 -9.728067331299166e-02 -9.732927121519627e-02
-7.057057057057057e-01 -9.812048064821988e-02 -9.800635716604146e-02
-7.037037037037037e-01 -9.896769418436180e-02 -9.868857511849954e-02
-7.017017017017018e-01 -9.982223632790263e-02 -9.937595201760575e-02
-6.996996996996997e-01 -1.006840270953081e-01 -1.000685144390699e-01
-6.976976976976976e-01 -1.015529841411049e-01 -1.007662885684464e-01
-6.956956956956957e-01 -1.024290227861702e-01 -1.014693001797002e-01
-6.936936936936937e-01 -1.033120560462232e-01 -1.021775746131553e-01
-6.916916916916918e-01 -1.042019946605127e-01 -1.028911367528137e-01
-6.896896896896897e-01 -1.050987471206950e-01 -1.036100110030336e-01
-6.876876876876876e-01 -1.060022196998963e-01 -1.043342212645535e-01
-6.856856856856857e-01 -1.069123164819526e-01 -1.050637909098512e-01
-6.836836836836837e-01 -1.078289393908226e-01 -1.057987427578240e-01
-6.816816816816818e-01 -1.087519882201662e-01 -1.065390990477798e-01
-6.796796796796797e-01 -1.096813606630843e-01 -1.072848814127250e-01
-6.776776776776776e-01 -1.106169523420124e-01 -1.080361108519391e-01
-6.756756756756757e-01 -1.115586568387640e-01 -1.087928077028220e-01
-6.736736736736737e-01 -1.125063657247174e-01 -1.095549916120047e-01
-6.716716716716717e-01 -1.134599685911393e-01 -1.103226815057085e-01
-6.696696696696697e-01 -1.144193530796412e-01 -1.110958955593437e-01
-6.676676676676676e-01 -1.153844049127621e-01 -1.118746511663353e-01
-6.656656656656657e-01 -1.163550079246721e-01 -1.126589649061641e-01
-6.636636636636637e-01 -1.173310440919918e-01 -1.134488525116132e-01
-6.616616616616617e-01 -1.183123935647215e-01 -1.142443288352079e-01
-6.596596596596597e-01 -1.192989346972757e-01 -1.150454078148392e-01
-6.576576576576576e-01 -1.202905440796157e-01 -1.158521024385605e-01
-6.556556556556556e-01 -1.212870965684783e-01 -1.166644247085481e-01
-6.536536536536537e-01 -1.222884653186919e-01 -1.174823856042142e-01
-6.516516516516517e-01 -1.232945218145768e-01 -1.183059950444660e-01
-6.496496496496497e-01 -1.243051359014244e-01 -1.191352618490999e-01
-6.476476476476476e-01 -1.253201758170491e-01 -1.199701936993231e-01
-6.456456456456456e-01 -1.263395082234092e-01 -1.208107970973960e-01
-6.436436436436437e-01 -1.273629982382913e-01 -1.216570773253867e-01
-6.416416416416417e-01 -1.283905094670529e-01 -1.225090384030319e-01
-6.396396396396397e-01 -1.294219040344183e-01 -1.233666830446982e-01
-6.376376376376376e-01 -1.304570426163235e-01 -1.242300126154381e-01
-6.356356356356356e-01 -1.314957844718044e-01 -1.250990270861365e-01
-6.336336336336337e-01 -1.325379874749253e-01 -1.259737249877443e-01
-6.316316316316316e-01 -1.335835081467399e-01 -1.268541033645950e-01
-6.296296296296297e-01 -1.346322016872827e-01 -1.277401577268039e-01
-6.276276276276276e-01 -1.356839220075857e-01 -1.286318820017471e-01
-6.256256256256256e-01 -1.367385217617149e-01 -1.295292684846218e-01
-6.236236236236237e-01 -1.377958523788223e-01 -1.304323077880874e-01
-6.216216216216216e-01 -1.388557640952095e-01 -1.313409887909904e-01
-6.196196196196196e-01 -1.399181059863978e-01 -1.322552985861762e-01
-6.176176176176176e-01 -1.409827259992008e-01 -1.331752224273919e-01
-6.156156156156156e-01 -1.420494709837938e-01 -1.341007436752860e-01
-6.136136136136137e-01 -1.431181867257786e-01 -1.350318437425127e-01
-6.116116116116116e-01 -1.441887179782354e-01 -1.359685020379484e-01
-6.096096096096096e-01 -1.452609084937609e-01 -1.369106959100315e-01
-6.076076076076076e-01 -1.463346010564865e-01 -1.378584005892365e-01
-6.056056056056056e-01 -1.474096375140733e-01 -1.388115891296957e-01
-6.036036036036037e-01 -1.484858588096787e-01 -1.397702323499846e-01
-6.016016016016016e-01 -1.495631050138923e-01 -1.407342987730867e-01
-5.995995995995995e-01 -1.506412153566345e-01 -1.417037545655567e-01
-5.975975975975976e-01 -1.517200282590168e-01 -1.426785634759039e-01
-5.955955955955956e-01 -1.527993813651569e-01 -1.436586867722170e-01
-5.935935935935936e-01 -1.538791115739464e-01 -1.446440831790568e-01
-5.915915915915916e-01 -1.549590550707670e-01 -1.456347088136431e-01
-5.895895895895895e-01 -1.560390473591509e-01 -1.466305171213646e-01
-5.875875875875876e-01 -1.571189232923814e-01 -1.476314588106461e-01
-5.855855855855856e-01 -1.581985171050314e-01 -1.486374817872048e-01
-5.835835835835836e-01 -1.592776624444333e-01 -1.496485310877333e-01
-5.815815815815816e-01 -1.603561924020798e-01 -1.506645488130502e-01
-5.795795795795795e-01 -1.614339395449496e-01 -1.516854740607584e-01
-5.775775775775776e-01 -1.625107359467549e-01 -1.527112428574580e-01
-5.755755755755756e-01 -1.635864132191087e-01 -1.537417880905611e-01
-5.735735735735736e-01 -1.646608025426050e-01 -1.547770394397594e-01
-5.715715715715716e-01 -1.657337346978125e-01 -1.558169233081987e-01
-5.695695695695695e-01 -1.668050400961748e-01 -1.568613627534177e-01
-5.675675675675675e-01 -1.678745488108159e-01 -1.579102774181117e-01
-5.655655655655656e-01 -1.689420906072467e-01 -1.589635834607847e-01
-5.635635635635636e-01 -1.700074949739693e-01 -1.600211934863568e-01
-5.615615615615616e-01 -1.710705911529758e-01 -1.610830164767981e-01
-5.595595595595595e-01 -1.721312081701381e-01 -1.621489577218627e-01
-5.575575575575575e-01 -1.731891748654864e-01 -1.632189187500014e-01
-5.555555555555556e-01 -1.742443199233719e-01 -1.642927972595330e-01
-5.535535535535536e-01 -1.752964719025115e-01 -1.653704870501610e-01
-5.515515515515516e-01 -1.763454592659109e-01 -1.664518779549234e-01
-5.495495495495495e-01 -1.773911104106629e-01 -1.675368557726684e-01
-5.475475475475475e-01 -1.784332536976193e-01 -1.686253022011532e-01
-5.455455455455456e-01 -1.794717174809306e-01 -1.697170947708664e-01
-5.435435435435436e-01 -1.805063301374536e-01 -1.708121067796763e-01
-5.415415415415415e-01 -1.815369200960217e-01 -1.719102072284166e-01
-5.395395395395395e-01 -1.825633158665760e-01 -1.730112607575195e-01
-5.375375375375375e-01 -1.835853460691550e-01 -1.741151275848120e-01
-5.355355355355356e-01 -1.846028394627379e-01 -1.752216634445986e-01
-5.335335335335336e-01 -1.856156249739416e-01 -1.763307195281499e-01
-5.315315315315315e-01 -1.866235317255661e-01 -1.774421424257294e-01
-5.295295295295295e-01 -1.876263890649870e-01 -1.785557740702867e-01
-5.275275275275275e-01 -1.886240265923925e-01 -1.796714516829560e-01
-5.255255255255256e-01 -1.896162741888616e-01 -1.807890077204962e-01
-5.235235235235236e-01 -1.906029620442811e-01 -1.819082698248176e-01
-5.215215215215215e-01 -1.915839206850989e-01 -1.830290607747413e-01
-5.195195195195195e-01 -1.925589810019114e-01 -1.841511984401407e-01
-5.175175175175175e-01 -1.935279742768818e-01 -1.852744957386192e-01
-5.155155155155156e-01 -1.944907322109883e-01 -1.863987605948813e-01
-5.135135135135135e-01 -1.954470869510971e-01 -1.875237959029544e-01
-5.115115115115115e-01 -1.963968711168608e-01 -1.886493994914269e-01
-5.095095095095095e-01 -1.973399178274385e-01 -1.897753640918656e-01
-5.075075075075075e-01 -1.982760607280342e-01 -1.909014773105805e-01
-5.055055055055055e-01 -1.992051340162538e-01 -1.920275216039087e-01
-5.035035035035035e-01 -2.001269724682761e-01 -1.931532742571868e-01
-5.015015015015015e-01 -2.010414114648364e-01 -1.942785073675873e-01
-4.994994994994995e-01 -2.019482870170219e-01 -1.954029878309938e-01
-4.974974974974975e-01 -2.028474357918735e-01 -1.965264773330915e-01
-4.954954954954955e-01 -2.037386951377961e-01 -1.976487323448500e-01
-4.934934934934935e-01 -2.046219031097712e-01 -1.987695041225761e-01
-4.914914914914915e-01 -2.054968984943729e-01 -1.998885387127149e-01
-4.894894894894894e-01 -2.063635208345842e-01 -2.010055769615766e-01
-4.874874874874875e-01 -2.072216104544101e-01 -2.021203545301654e-01
-4.854854854854855e-01 -2.080710084832893e-01 -2.032326019142872e-01
-4.834834834834835e-01 -2.089115568802979e-01 -2.043420444701104e-01
-4.814814814814815e-01 -2.097430984581476e-01 -2.054484024453498e-01
-4.794794794794794e-01 -2.105654769069736e-01 -2.065513910162478e-01
-4.774774774774775e-01 -2.113785368179114e-01 -2.076507203305148e-01
-4.754754754754755e-01 -2.121821237064614e-01 -2.087460955563950e-01
-4.734734734734735e-01 -2.129760840356383e-01 -2.098372169380161e-01
-4.714714714714715e-01 -2.137602652389044e-01 -2.109237798571756e-01
-4.694694694694694e-01 -2.145345157428856e-01 -2.120054749017158e-01
-4.674674674674675e-01 -2.152986849898664e-01 -2.130819879406279e-01
-4.654654654654654e-01 -2.160526234600652e-01 -2.141530002060235e-01
-4.634634634634635e-01 -2.167961826936858e-01 -2.152181883821031e-01
-4.614614614614615e-01 -2.175292153127457e-01 -2.162772247012434e-01
-4.594594594594594e-01 -2.182515750426774e-01 -2.173297770473168e-01
-4.574574574574575e-01 -2.189631167337029e-01 -2.183755090663478e-01
-4.554554554554554e-01 -2.196636963819802e-01 -2.194140802846021e-01
-4.534534534534534e-01 -2.203531711505186e-01 -2.204451462341913e-01
-4.514514514514515e-01 -2.210313993898632e-01 -2.214683585862687e-01
-4.494494494494494e-01 -2.216982406585462e-01 -2.224833652918769e-01
-4.474474474474475e-01 -2.223535557433042e-01 -2.234898107304970e-01
-4.454454454454454e-01 -2.229972066790602e-01 -2.244873358663368e-01
-4.434434434434434e-01 -2.236290567686687e-01 -2.254755784123804e-01
-4.414414414414415e-01 -2.242489706024225e-01 -2.264541730022086e-01
-4.394394394394394e-01 -2.248568140773214e-01 -2.274227513695835e-01
-4.374374374374375e-01 -2.254524544160996e-01 -2.283809425357769e-01
-4.354354354354354e-01 -2.260357601860120e-01 -2.293283730046045e-01
-4.334334334334334e-01 -2.266066013173783e-01 -2.302646669651119e-01
-4.314314314314315e-01 -2.271648491218832e-01 -2.311894465018420e-01
-4.294294294294294e-01 -2.277103763106319e-01 -2.321023318125956e-01
-4.274274274274275e-01 -2.282430570119600e-01 -2.330029414335769e-01
-4.254254254254254e-01 -2.287627667889971e-01 -2.338908924718019e-01
-4.234234234234234e-01 -2.292693826569821e-01 -2.347658008446238e-01
-4.214214214214215e-01 -2.297627831003306e-01 -2.356272815262137e-01
-4.194194194194194e-01 -2.302428480894530e-01 -2.364749488008149e-01
-4.174174174174174e-01 -2.307094590973211e-01 -2.373084165225672e-01
-4.154154154154154e-01 -2.311624991157856e-01 -2.381272983816837e-01
-4.134134134134134e-01 -2.316018526716394e-01 -2.389312081767342e-01
-4.114114114114115e-01 -2.320274058424303e-01 -2.397197600927782e-01
-4.094094094094094e-01 -2.324390462720185e-01 -2.404925689850636e-01
-4.074074074074074e-01 -2.328366631858809e-01 -2.412492506679919e-01
-4.054054054054054e-01 -2.332201474061606e-01 -2.419894222090296e-01
-4.034034034034034e-01 -2.335893913664597e-01 -2.427127022272245e-01
-4.014014014014013e-01 -2.339442891263777e-01 -2.434187111959703e-01
-3.993993993993994e-01 -2.342847363857912e-01 -2.441070717496391e-01
-3.973973973973974e-01 -2.346106304988774e-01 -2.447774089936886e-01
-3.953953953953954e-01 -2.349218704878797e-01 -2.454293508178284e-01
-3.933933933933934e-01 -2.352183570566138e-01 -2.460625282118159e-01
-3.913913913913913e-01 -2.354999926037160e-01 -2.466765755834330e-01
-3.893893893893894e-01 -2.357666812356312e-01 -2.472711310781825e-01
-3.873873873873874e-01 -2.360183287793415e-01 -2.478458369002253e-01
-3.853853853853854e-01 -2.362548427948340e-01 -2.484003396340662e-01
-3.833833833833834e-01 -2.364761325873083e-01 -2.489342905664849e-01
-3.813813813813813e-01 -2.366821092191227e-01 -2.494473460081948e-01
-3.793793793793794e-01 -2.368726855214791e-01 -2.499391676147022e-01
-3.773773773773774e-01 -2.370477761058457e-01 -2.504094227058294e-01
-3.753753753753754e-01 -2.372072973751186e-01 -2.508577845833567e-01
-3.733733733733734e-01 -2.373511675345197e-01 -2.512839328462304e-01
-3.713713713713713e-01 -2.374793066022334e-01 -2.516875537027806e-01
-3.693693693693694e-01 -2.375916364197800e-01 -2.520683402793853e-01
-3.673673673673674e-01 -2.376880806621258e-01 -2.524259929250187e-01
-3.653653653653653e-01 -2.377685648475306e-01 -2.527602195111159e-01
-3.633633633633634e-01 -2.378330163471318e-01 -2.530707357261913e-01
-3.613613613613613e-01 -2.378813643942652e-01 -2.533572653646462e-01
-3.593593593593594e-01 -2.379135400935222e-01 -2.536195406092085e-01
-3.573573573573574e-01 -2.379294764295436e-01 -2.538573023064485e-01
-3.553553553553553e-01 -2.379291082755499e-01 -2.540703002348269e-01
-3.533533533533534e-01 -2.379123724016082e-01 -2.542582933647346e-01
-3.513513513513513e-01 -2.378792074826350e-01 -2.544210501099999e-01
-3.493493493493494e-01 -2.378295541061363e-01 -2.545583485703442e-01
-3.473473473473474e-01 -2.377633547796836e-01 -2.546699767642887e-01
-3.453453453453453e-01 -2.376805539381271e-01 -2.547557328520220e-01
-3.433433433433434e-01 -2.375810979505451e-01 -2.548154253477621e-01
-3.413413413413413e-01 -2.374649351269309e-01 -2.548488733211609e-01
-3.393393393393394e-01 -2.373320157246161e-01 -2.548559065873203e-01
-3.373373373373373e-01 -2.371822919544317e-01 -2.548363658850110e-01
-3.353353353353353e-01 -2.370157179866067e-01 -2.547901030427072e-01
-3.333333333333334e-01 -2.368322499564035e-01 -2.547169811320755e-01
-3.313313313313313e-01 -2.366318459694924e-01 -2.546168746085794e-01
-3.293293293293293e-01 -2.364144661070632e-01 -2.544896694388921e-01
-3.273273273273273e-01 -2.361800724306766e-01 -2.543352632148321e-01
-3.253253253253253e-01 -2.359286289868527e-01 -2.541535652535690e-01
-3.233233233233234e-01 -2.356601018114002e-01 -2.539444966838760e-01
-3.213213213213213e-01 -2.353744589334845e-01 -2.537079905182334e-01
-3.193193193193193e-01 -2.350716703794354e-01 -2.534439917106218e-01
-3.173173173173173e-01 -2.347517081762958e-01 -2.531524571998731e-01
-3.153153153153153e-01 -2.344145463551106e-01 -2.528333559384802e-01
-3.133133133133134e-01 -2.340601609539568e-01 -2.524866689068000e-01
-3.113113113113113e-01 -2.336885300207159e-01 -2.521123891126142e-01
-3.093093093093093e-01 -2.332996336155879e-01 -2.517105215760487e-01
-3.073073073073073e-01 -2.328934538133480e-01 -2.512810832998819e-01
-3.053053053053053e-01 -2.324699747053467e-01 -2.508241032253086e-01
-3.033033033033034e-01 -2.320291824012538e-01 -2.503396221732549e-01
-3.013013013013013e-01 -2.315710650305465e-01 -2.498276927713748e-01
-2.992992992992993e-01 -2.310956127437428e-01 -2.492883793668889e-01
-2.972972972972973e-01 -2.306028177133801e-01 -2.487217579254580e-01
-2.952952952952953e-01 -2.300926741347404e-01 -2.481279159163142e-01
-2.932932932932933e-01 -2.295651782263225e-01 -2.475069521839020e-01
-2.912912912912913e-01 -2.290203282300610e-01 -2.468589768063103e-01
-2.892892892892893e-01 -2.284581244112947e-01 -2.461841109408055e-01
-2.872872872872873e-01 -2.278785690584834e-01 -2.454824866567991e-01
-2.852852852852853e-01 -2.272816664826747e-01 -2.447542467566140e-01
-2.832832832832833e-01 -2.266674230167207e-01 -2.439995445844332e-01
-2.812812812812813e-01 -2.260358470142471e-01 -2.432185438238397e-01
-2.792792792792793e-01 -2.253869488483740e-01 -2.424114182843786e-01
-2.772772772772772e-01 -2.247207409101890e-01 -2.415783516775909e-01
-2.752752752752753e-01 -2.240372376069749e-01 -2.407195373829887e-01
-2.732732732732732e-01 -2.233364553601920e-01 -2.398351782044571e-01
-2.712712712712713e-01 -2.226184126032157e-01 -2.389254861175855e-01
-2.692692692692693e-01 -2.218831297788302e-01 -2.379906820084424e-01
-2.672672672672672e-01 -2.211306293364804e-01 -2.370309954043228e-01
-2.652652652652653e-01 -2.203609357292818e-01 -2.360466641970057e-01
-2.632632632632632e-01 -2.195740754107890e-01 -2.350379343590694e-01
-2.612612612612613e-01 -2.187700768315256e-01 -2.340050596538186e-01
-2.592592592592593e-01 -2.179489704352741e-01 -2.329483013393839e-01
-2.572572572572572e-01 -2.171107886551288e-01 -2.318679278675573e-01
-2.552552552552553e-01 -2.162555659093127e-01 -2.307642145779311e-01
-2.532532532532532e-01 -2.153833385967565e-01 -2.296374433879046e-01
-2.512512512512513e-01 -2.144941450924450e-01 -2.284879024791282e-01
-2.492492492492493e-01 -2.135880257425296e-01 -2.273158859809458e-01
-2.472472472472472e-01 -2.126650228592074e-01 -2.261216936513960e-01
-2.452452452452453e-01 -2.117251807153703e-01 -2.249056305563279e-01
-2.432432432432432e-01 -2.107685455390226e-01 -2.236680067471761e-01
-2.412412412412412e-01 -2.097951655074710e-01 -2.224091369379383e-01
-2.392392392392393e-01 -2.088050907412854e-01 -2.211293401818810e-01
-2.372372372372372e-01 -2.077983732980339e-01 -2.198289395484975e-01
-2.352352352352353e-01 -2.067750671657920e-01 -2.185082618012228e-01
-2.332332332332332e-01 -2.057352282564275e-01 -2.171676370764007e-01
-2.312312312312312e-01 -2.046789143986627e-01 -2.158073985639865e-01
-2.292292292292293e-01 -2.036061853309143e-01 -2.144278821904480e-01
-2.272272272272272e-01 -2.025171026939132e-01 -2.130294263043203e-01
-2.252252252252253e-01 -2.014117300231055e-01 -2.116123713648446e-01
-2.232232232232232e-01 -2.002901327408338e-01 -2.101770596341110e-01
-2.212212212212212e-01 -1.991523781483048e-01 -2.087238348731048e-01
-2.192192192192193e-01 -1.979985354173387e-01 -2.072530420420377e-01
-2.172172172172172e-01 -1.968286755819063e-01 -2.057650270053268e-01
-2.152152152152152e-01 -1.956428715294537e-01 -2.042601362415663e-01
-2.132132132132132e-01 -1.944411979920144e-01 -2.027387165588154e-01
-2.112112112112112e-01 -1.932237315371132e-01 -2.012011148155091e-01
-2.092092092092092e-01 -1.919905505584606e-01 -1.996476776472758e-01
-2.072072072072072e-01 -1.907417352664410e-01 -1.980787511999296e-01
-2.052052052052052e-01 -1.894773676783942e-01 -1.964946808688799e-01
-2.032032032032032e-01 -1.881975316086941e-01 -1.948958110451884e-01
-2.012012012012012e-01 -1.869023126586245e-01 -1.932824848684765e-01
-1.991991991991992e-01 -1.855917982060526e-01 -1.916550439868722e-01
-1.971971971971972e-01 -1.842660773949045e-01 -1.900138283241632e-01
-1.951951951951952e-01 -1.829252411244414e-01 -1.883591758543049e-01
-1.931931931931932e-01 -1.815693820383391e-01 -1.866914223834131e-01
-1.911911911911912e-01 -1.801985945135738e-01 -1.850109013393547e-01
-1.891891891891891e-01 -1.788129746491120e-01 -1.833179435690259e-01
-1.871871871871872e-01 -1.774126202544110e-01 -1.816128771433997e-01
-1.851851851851852e-01 -1.759976308377268e-01 -1.798960271703963e-01
-1.831831831831832e-01 -1.745681075942341e-01 -1.781677156156235e-01
-1.811811811811812e-01 -1.731241533939596e-01 -1.764282611310115e-01
-1.791791791791791e-01 -1.716658727695283e-01 -1.746779788913533e-01
-1.771771771771772e-01 -1.701933719037270e-01 -1.729171804387493e-01
-1.751751751751752e-01 -1.687067586168847e-01 -1.711461735349361e-01
-1.731731731731732e-01 -1.672061423540726e-01 -1.693652620214705e-01
-1.711711711711712e-01 -1.656916341721250e-01 -1.675747456877232e-01
-1.691691691691691e-01 -1.641633467264826e-01 -1.657749201466264e-01
-1.671671671671672e-01 -1.626213942578606e-01 -1.639660767181088e-01
-1.651651651651652e-01 -1.610658925787419e-01 -1.621485023201361e-01
-1.631631631631631e-01 -1.594969590596987e-01 -1.603224793672715e-01
-1.611611611611612e-01 -1.579147126155437e-01 -1.584882856766560e-01
-1.591591591591591e-01 -1.563192736913115e-01 -1.566461943812989e-01
-1.571571571571572e-01 -1.547107642480741e-01 -1.547964738505677e-01
-1.551551551551551e-01 -1.530893077485895e-01 -1.529393876177478e-01
-1.531531531531531e-01 -1.514550291427886e-01 -1.510751943145468e-01
-1.511511511511512e-01 -1.498080548530987e-01 -1.492041476124022e-01
-1.491491491491491e-01 -1.481485127596073e-01 -1.473264961704533e-01
-1.471471471471472e-01 -1.464765321850690e-01 -1.454424835900275e-01
-1.451451451451451e-01 -1.447922438797535e-01 -1.435523483754874e-01
-1.431431431431431e-01 -1.430957800061414e-01 -1.416563239012870e-01
-1.411411411411412e-01 -1.413872741234657e-01 -1.397546383850701e-01
-1.391391391391391e-01 -1.396668611721028e-01 -1.378475148666550e-01
-1.371371371371372e-01 -1.379346774578151e-01 -1.359351711927356e-01
-1.351351351351351e-01 -1.361908606358447e-01 -1.340178200071331e-01
-1.331331331331331e-01 -1.344355496948634e-01 -1.320956687464304e-01
-1.311311311311312e-01 -1.326688849407784e-01 -1.301689196408191e-01
-1.291291291291291e-01 -1.308910079803964e-01 -1.282377697199876e-01
-1.271271271271271e-01 -1.291020617049481e-01 -1.263024108238836e-01
-1.251251251251251e-01 -1.273021902734751e-01 -1.243630296181758e-01
-1.231231231231231e-01 -1.254915390960806e-01 -1.224198076142508e-01
-1.211211211211212e-01 -1.236702548170457e-01 -1.204729211935720e-01
-1.191191191191191e-01 -1.218384852978150e-01 -1.185225416362368e-01
-1.171171171171171e-01 -1.199963795998508e-01 -1.165688351535650e-01
-1.151151151151151e-01 -1.181440879673593e-01 -1.146119629245543e-01
-1.131131131131131e-01 -1.162817618098917e-01 -1.126520811360433e-01
-1.111111111111112e-01 -1.144095536848196e-01 -1.106893410264197e-01
-1.091091091091091e-01 -1.125276172796885e-01 -1.087238889327213e-01
-1.071071071071071e-01 -1.106361073944524e-01 -1.067558663409730e-01
-1.051051051051051e-01 -1.087351799235878e-01 -1.047854099396096e-01
-1.031031031031031e-01 -1.068249918380934e-01 -1.028126516758396e-01
-1.011011011011012e-01 -1.049057011673743e-01 -1.008377188148016e-01
-9.909909909909909e-02 -1.029774669810141e-01 -9.886073400137707e-02
-9.709709709709713e-02 -1.010404493704376e-01 -9.688181532452017e-02
-9.509509509509506e-02 -9.909480943046342e-02 -9.490107638397077e-02
-9.309309309309310e-02 -9.714070924075309e-02 -9.291862635922420e-02
-9.109109109109104e-02 -9.517831184715261e-02 -9.093457008062855e-02
-8.908908908908908e-02 -9.320778124293537e-02 -8.894900810249150e-02
-8.708708708708712e-02 -9.122928234994175e-02 -8.696203677807561e-02
-8.508508508508505e-02 -8.924298099962326e-02 -8.497374833637167e-02
-8.308308308308310e-02 -8.724904391398935e-02 -8.298423096053877e-02
-8.108108108108103e-02 -8.524763868646032e-02 -8.099356886790537e-02
-7.907907907907907e-02 -8.323893376262928e-02 -7.900184239143236e-02
-7.707707707707712e-02 -8.122309842093317e-02 -7.700912806253740e-02
-7.507507507507505e-02 -7.920030275323707e-02 -7.501549869519049e-02
-7.307307307307309e-02 -7.717071764533300e-02 -7.302102347118999e-02
-7.107107107107102e-02 -7.513451475735401e-02 -7.102576802653322e-02
-6.906906906906907e-02 -7.309186650410868e-02 -6.902979453880272e-02
-6.706706706706711e-02 -7.104294603533480e-02 -6.703316181548781e-02
-6.506506506506504e-02 -6.898792721587679e-02 -6.503592538317045e-02
-6.306306306306309e-02 -6.692698460578833e-02 -6.303813757750480e-02
-6.106106106106102e-02 -6.486029344036082e-02 -6.103984763392312e-02
-5.905905905905906e-02 -6.278802961008248e-02 -5.904110177900837e-02
-5.705705705705710e-02 -6.071036964052811e-02 -5.704194332247189e-02
-5.505505505505504e-02 -5.862749067218210e-02 -5.504241274968263e-02
-5.305305305305308e-02 -5.653957044019822e-02 -5.304254781469599e-02
-5.105105105105101e-02 -5.444678725409535e-02 -5.104238363373154e-02
-4.904904904904905e-02 -5.234931997739521e-02 -4.904195277905776e-02
-4.704704704704710e-02 -5.024734800720036e-02 -4.704128537323758e-02
-4.504504504504503e-02 -4.814105125371742e-02 -4.504040918369855e-02
-4.304304304304307e-02 -4.603061011972713e-02 -4.303934971759010e-02
-4.104104104104100e-02 -4.391620548000098e-02 -4.103813031689306e-02
-3.903903903903905e-02 -4.179801866067136e-02 -3.903677225375356e-02
-3.703703703703709e-02 -3.967623141855209e-02 -3.703529482600962e-02
-3.503503503503502e-02 -3.755102592041557e-02 -3.503371545288736e-02
-3.303303303303307e-02 -3.542258472222661e-02 -3.303204977084254e-02
-3.103103103103100e-02 -3.329109074833532e-02 -3.103031172952494e-02
-2.902902902902904e-02 -3.115672727063266e-02 -2.902851368784957e-02
-2.702702702702697e-02 -2.901967788766851e-02 -2.702666651015422e-02
-2.502502502502502e-02 -2.688012650373663e-02 -2.502477966243195e-02
-2.302302302302306e-02 -2.473825730792730e-02 -2.302286130862180e-02
-2.102102102102099e-02 -2.259425475315019e-02 -2.102091840694916e-02
-1.901901901901903e-02 -2.044830353513070e-02 -1.901895680630445e-02
-1.701701701701697e-02 -1.830058857137930e-02 -1.701698134265094e-02
-1.501501501501501e-02 -1.615129498013950e-02 -1.501499593545695e-02
-1.301301301301305e-02 -1.400060805931401e-02 -1.301300368414355e-02
-1.101101101101098e-02 -1.184871326537212e-02 -1.101100696454556e-02
-9.009009009009028e-03 -9.695796192241443e-03 -9.009007525380953e-03
-7.007007007006960e-03 -7.542042550183926e-03 -7.007006584724793e-03
-5.005005005005003e-03 -5.387638144661621e-03 -5.005004926488205e-03
-3.003003003003046e-03 -3.232768855190130e-03 -3.003002996897580e-03
-1.001001001000978e-03 -1.077620614186992e-03 -1.001001000975853e-03
1.001001001001089e-03 1.077620614187018e-03 1.001001000975964e-03
3.003003003003046e-03 3.232768855189997e-03 3.003002996897580e-03
5.005005005005003e-03 5.387638144661376e-03 5.005004926488205e-03
7.007007007006960e-03 7.542042550183830e-03 7.007006584724793e-03
9.009009009008917e-03 9.695796192241304e-03 9.009007525380842e-03
1.101101101101110e-02 1.184871326537222e-02 1.101100696454567e-02
1.301301301301305e-02 1.400060805931383e-02 1.301300368414355e-02
1.501501501501501e-02 1.615129498013932e-02 1.501499593545695e-02
1.701701701701697e-02 1.830058857137906e-02 1.701698134265094e-02
1.901901901901892e-02 2.044830353513044e-02 1.901895680630434e-02
2.102102102102110e-02 2.259425475315028e-02 2.102091840694927e-02
2.302302302302306e-02 2.473825730792714e-02 2.302286130862180e-02
2.502502502502502e-02 2.688012650373650e-02 2.502477966243195e-02
2.702702702702697e-02 2.901967788766832e-02 2.702666651015422e-02
2.902902902902893e-02 3.115672727063250e-02 2.902851368784946e-02
3.103103103103111e-02 3.329109074833522e-02 3.103031172952505e-02
3.303303303303307e-02 3.542258472222649e-02 3.303204977084254e-02
3.503503503503502e-02 3.755102592041547e-02 3.503371545288736e-02
3.703703703703698e-02 3.967623141855189e-02 3.703529482600951e-02
3.903903903903894e-02 4.179801866067111e-02 3.903677225375345e-02
4.104104104104112e-02 4.391620548000098e-02 4.103813031689317e-02
4.304304304304307e-02 4.603061011972701e-02 4.303934971759010e-02
4.504504504504503e-02 4.814105125371738e-02 4.504040918369855e-02
4.704704704704699e-02 5.024734800720015e-02 4.704128537323747e-02
4.904904904904894e-02 5.234931997739511e-02 4.904195277905765e-02
5.105105105105112e-02 5.444678725409539e-02 5.104238363373165e-02
5.305305305305308e-02 5.653957044019816e-02 5.304254781469599e-02
5.505505505505504e-02 5.862749067218197e-02 5.504241274968263e-02
5.705705705705699e-02 6.071036964052793e-02 5.704194332247178e-02
5.905905905905895e-02 6.278802961008222e-02 5.904110177900826e-02
6.106106106106113e-02 6.486029344036079e-02 6.103984763392323e-02
6.306306306306309e-02 6.692698460578830e-02 6.303813757750480e-02
6.506506506506504e-02 6.898792721587668e-02 6.503592538317045e-02
6.706706706706700e-02 7.104294603533452e-02 6.703316181548770e-02
6.906906906906918e-02 7.309186650410865e-02 6.902979453880283e-02
7.107107107107113e-02 7.513451475735407e-02 7.102576802653333e-02
7.307307307307309e-02 7.717071764533297e-02 7.302102347118999e-02
7.507507507507505e-02 7.920030275323706e-02 7.501549869519049e-02
7.707707707707701e-02 8.122309842093285e-02 7.700912806253729e-02
7.907907907907918e-02 8.323893376262927e-02 7.900184239143247e-02
8.108108108108114e-02 8.524763868646050e-02 8.099356886790549e-02
8.308308308308310e-02 8.724904391398915e-02 8.298423096053877e-02
8.508508508508505e-02 8.924298099962315e-02 8.497374833637167e-02
8.708708708708701e-02 9.122928234994145e-02 8.696203677807550e-02
8.908908908908919e-02 9.320778124293531e-02 8.894900810249161e-02
9.109109109109115e-02 9.517831184715256e-02 9.093457008062866e-02
9.309309309309310e-02 9.714070924075290e-02 9.291862635922420e-02
9.509509509509506e-02 9.909480943046325e-02 9.490107638397077e-02
9.709709709709702e-02 1.010404493704374e-01 9.688181532452006e-02
9.909909909909920e-02 1.029774669810142e-01 9.886073400137718e-02
1.011011011011012e-01 1.049057011673743e-01 1.008377188148016e-01
1.031031031031031e-01 1.068249918380933e-01 1.028126516758396e-01
1.051051051051051e-01 1.087351799235877e-01 1.047854099396096e-01
1.071071071071070e-01 1.106361073944521e-01 1.067558663409729e-01
1.091091091091092e-01 1.125276172796884e-01 1.087238889327214e-01
1.111111111111112e-01 1.144095536848194e-01 1.106893410264197e-01
1.131131131131131e-01 1.162817618098915e-01 1.126520811360433e-01
1.151151151151151e-01 1.181440879673591e-01 1.146119629245543e-01
1.171171171171170e-01 1.199963795998504e-01 1.165688351535649e-01
1.191191191191192e-01 1.218384852978149e-01 1.185225416362369e-01
1.211211211211212e-01 1.236702548170454e-01 1.204729211935720e-01
1.231231231231231e-01 1.254915390960804e-01 1.224198076142508e-01
1.251251251251251e-01 1.273021902734749e-01 1.243630296181758e-01
1.271271271271270e-01 1.291020617049479e-01 1.263024108238835e-01
1.291291291291292e-01 1.308910079803963e-01 1.282377697199877e-01
1.311311311311312e-01 1.326688849407782e-01 1.301689196408191e-01
1.331331331331331e-01 1.344355496948631e-01 1.320956687464304e-01
1.351351351351351e-01 1.361908606358444e-01 1.340178200071331e-01
1.371371371371370e-01 1.379346774578148e-01 1.359351711927355e-01
1.391391391391392e-01 1.396668611721027e-01 1.378475148666551e-01
1.411411411411412e-01 1.413872741234654e-01 1.397546383850701e-01
1.431431431431431e-01 1.430957800061412e-01 1.416563239012870e-01
1.451451451451451e-01 1.447922438797533e-01 1.435523483754874e-01
1.471471471471471e-01 1.464765321850687e-01 1.454424835900274e-01
1.491491491491492e-01 1.481485127596072e-01 1.473264961704535e-01
1.511511511511512e-01 1.498080548530984e-01 1.492041476124022e-01
1.531531531531531e-01 1.514550291427884e-01 1.510751943145468e-01
1.551551551551551e-01 1.530893077485893e-01 1.529393876177478e-01
1.571571571571571e-01 1.547107642480740e-01 1.547964738505676e-01
1.591591591591592e-01 1.563192736913114e-01 1.566461943812990e-01
1.611611611611612e-01 1.579147126155435e-01 1.584882856766560e-01
1.631631631631631e-01 1.594969590596986e-01 1.603224793672715e-01
1.651651651651651e-01 1.610658925787415e-01 1.621485023201359e-01
1.671671671671671e-01 1.626213942578604e-01 1.639660767181086e-01
1.691691691691692e-01 1.641633467264826e-01 1.657749201466265e-01
1.711711711711712e-01 1.656916341721247e-01 1.675747456877232e-01
1.731731731731732e-01 1.672061423540723e-01 1.693652620214705e-01
1.751751751751751e-01 1.687067586168844e-01 1.711461735349361e-01
1.771771771771771e-01 1.701933719037265e-01 1.729171804387492e-01
1.791791791791792e-01 1.716658727695283e-01 1.746779788913534e-01
1.811811811811812e-01 1.731241533939594e-01 1.764282611310115e-01
1.831831831831832e-01 1.745681075942339e-01 1.781677156156235e-01
1.851851851851851e-01 1.759976308377265e-01 1.798960271703962e-01
1.871871871871871e-01 1.774126202544108e-01 1.816128771433996e-01
1.891891891891893e-01 1.788129746491120e-01 1.833179435690260e-01
1.911911911911912e-01 1.801985945135735e-01 1.850109013393547e-01
1.931931931931932e-01 1.815693820383389e-01 1.866914223834131e-01
1.951951951951951e-01 1.829252411244409e-01 1.883591758543048e-01
1.971971971971973e-01 1.842660773949044e-01 1.900138283241633e-01
1.991991991991993e-01 1.855917982060525e-01 1.916550439868723e-01
2.012012012012012e-01 1.869023126586243e-01 1.932824848684765e-01
2.032032032032032e-01 1.881975316086939e-01 1.948958110451884e-01
2.052052052052051e-01 1.894773676783939e-01 1.964946808688799e-01
2.072072072072073e-01 1.907417352664407e-01 1.980787511999297e-01
2.092092092092093e-01 1.919905505584607e-01 1.996476776472759e-01
2.112112112112112e-01 1.932237315371130e-01 2.012011148155091e-01
2.132132132132132e-01 1.944411979920140e-01 2.027387165588154e-01
2.152152152152151e-01 1.956428715294531e-01 2.042601362415662e-01
2.172172172172173e-01 1.968286755819059e-01 2.057650270053269e-01
2.192192192192193e-01 1.979985354173385e-01 2.072530420420377e-01
2.212212212212212e-01 1.991523781483045e-01 2.087238348731048e-01
2.232232232232232e-01 2.002901327408336e-01 2.101770596341110e-01
2.252252252252251e-01 2.014117300231049e-01 2.116123713648446e-01
2.272272272272273e-01 2.025171026939129e-01 2.130294263043204e-01
2.292292292292293e-01 2.036061853309139e-01 2.144278821904480e-01
2.312312312312312e-01 2.046789143986625e-01 2.158073985639865e-01
2.332332332332332e-01 2.057352282564271e-01 2.171676370764007e-01
2.352352352352352e-01 2.067750671657917e-01 2.185082618012227e-01
2.372372372372373e-01 2.077983732980335e-01 2.198289395484976e-01
2.392392392392393e-01 2.088050907412850e-01 2.211293401818810e-01
2.412412412412412e-01 2.097951655074706e-01 2.224091369379383e-01
2.432432432432432e-01 2.107685455390222e-01 2.236680067471761e-01
2.452452452452452e-01 2.117251807153698e-01 2.249056305563278e-01
2.472472472472473e-01 2.126650228592071e-01 2.261216936513961e-01
2.492492492492493e-01 2.135880257425294e-01 2.273158859809458e-01
2.512512512512513e-01 2.144941450924447e-01 2.284879024791282e-01
2.532532532532532e-01 2.153833385967562e-01 2.296374433879046e-01
2.552552552552552e-01 2.162555659093123e-01 2.307642145779310e-01
2.572572572572573e-01 2.171107886551288e-01 2.318679278675574e-01
2.592592592592593e-01 2.179489704352737e-01 2.329483013393839e-01
2.612612612612613e-01 2.187700768315252e-01 2.340050596538186e-01
2.632632632632632e-01 2.195740754107887e-01 2.350379343590694e-01
2.652652652652652e-01 2.203609357292813e-01 2.360466641970057e-01
2.672672672672673e-01 2.211306293364802e-01 2.370309954043228e-01
2.692692692692693e-01 2.218831297788298e-01 2.379906820084424e-01
2.712712712712713e-01 2.226184126032152e-01 2.389254861175855e-01
2.732732732732732e-01 2.233364553601915e-01 2.398351782044571e-01
2.752752752752752e-01 2.240372376069747e-01 2.407195373829886e-01
2.772772772772774e-01 2.247207409101886e-01 2.415783516775909e-01
2.792792792792793e-01 2.253869488483735e-01 2.424114182843786e-01
2.812812812812813e-01 2.260358470142470e-01 2.432185438238397e-01
2.832832832832832e-01 2.266674230167204e-01 2.439995445844332e-01
2.852852852852852e-01 2.272816664826742e-01 2.447542467566140e-01
2.872872872872874e-01 2.278785690584831e-01 2.454824866567991e-01
2.892892892892893e-01 2.284581244112942e-01 2.461841109408055e-01
2.912912912912913e-01 2.290203282300605e-01 2.468589768063103e-01
2.932932932932932e-01 2.295651782263222e-01 2.475069521839019e-01
2.952952952952952e-01 2.300926741347399e-01 2.481279159163141e-01
2.972972972972974e-01 2.306028177133796e-01 2.487217579254580e-01
2.992992992992993e-01 2.310956127437427e-01 2.492883793668889e-01
3.013013013013013e-01 2.315710650305459e-01 2.498276927713748e-01
3.033033033033032e-01 2.320291824012539e-01 2.503396221732549e-01
3.053053053053052e-01 2.324699747053465e-01 2.508241032253085e-01
3.073073073073074e-01 2.328934538133473e-01 2.512810832998819e-01
3.093093093093093e-01 2.332996336155874e-01 2.517105215760487e-01
3.113113113113113e-01 2.336885300207152e-01 2.521123891126142e-01
3.133133133133132e-01 2.340601609539567e-01 2.524866689068000e-01
3.153153153153154e-01 2.344145463551103e-01 2.528333559384802e-01
3.173173173173174e-01 2.347517081762952e-01 2.531524571998731e-01
3.193193193193193e-01 2.350716703794350e-01 2.534439917106218e-01
3.213213213213213e-01 2.353744589334838e-01 2.537079905182334e-01
3.233233233233233e-01 2.356601018114000e-01 2.539444966838760e-01
3.253253253253254e-01 2.359286289868527e-01 2.541535652535690e-01
3.273273273273274e-01 2.361800724306763e-01 2.543352632148321e-01
3.293293293293293e-01 2.364144661070628e-01 2.544896694388921e-01
3.313313313313313e-01 2.366318459694919e-01 2.546168746085794e-01
3.333333333333333e-01 2.368322499564030e-01 2.547169811320755e-01
3.353353353353354e-01 2.370157179866068e-01 2.547901030427072e-01
3.373373373373374e-01 2.371822919544313e-01 2.548363658850110e-01
3.393393393393394e-01 2.373320157246156e-01 2.548559065873203e-01
3.413413413413413e-01 2.374649351269306e-01 2.548488733211609e-01
3.433433433433433e-01 2.375810979505450e-01 2.548154253477621e-01
3.453453453453454e-01 2.376805539381270e-01 2.547557328520220e-01
3.473473473473474e-01 2.377633547796827e-01 2.546699767642887e-01
3.493493493493494e-01 2.378295541061362e-01 2.545583485703442e-01
3.513513513513513e-01 2.378792074826343e-01 2.544210501099999e-01
3.533533533533533e-01 2.379123724016081e-01 2.542582933647346e-01
3.553553553553555e-01 2.379291082755495e-01 2.540703002348269e-01
3.573573573573574e-01 2.379294764295430e-01 2.538573023064485e-01
3.593593593593594e-01 2.379135400935217e-01 2.536195406092085e-01
3.613613613613613e-01 2.378813643942649e-01 2.533572653646462e-01
3.633633633633633e-01 2.378330163471314e-01 2.530707357261913e-01
3.653653653653655e-01 2.377685648475303e-01 2.527602195111159e-01
3.673673673673674e-01 2.376880806621252e-01 2.524259929250187e-01
3.693693693693694e-01 2.375916364197798e-01 2.520683402793853e-01
3.713713713713713e-01 2.374793066022329e-01 2.516875537027806e-01
3.733733733733733e-01 2.373511675345194e-01 2.512839328462305e-01
3.753753753753755e-01 2.372072973751183e-01 2.508577845833567e-01
3.773773773773774e-01 2.370477761058452e-01 2.504094227058294e-01
3.793793793793794e-01 2.368726855214789e-01 2.499391676147022e-01
3.813813813813813e-01 2.366821092191218e-01 2.494473460081948e-01
3.833833833833833e-01 2.364761325873077e-01 2.489342905664849e-01
3.853853853853855e-01 2.362548427948336e-01 2.484003396340662e-01
3.873873873873874e-01 2.360183287793408e-01 2.478458369002253e-01
3.893893893893894e-01 2.357666812356309e-01 2.472711310781825e-01
3.913913913913913e-01 2.354999926037150e-01 2.466765755834330e-01
3.933933933933933e-01 2.352183570566130e-01 2.460625282118160e-01
3.953953953953955e-01 2.349218704878791e-01 2.454293508178284e-01
3.973973973973974e-01 2.346106304988763e-01 2.447774089936886e-01
3.993993993993994e-01 2.342847363857905e-01 2.441070717496391e-01
4.014014014014013e-01 2.339442891263768e-01 2.434187111959703e-01
4.034034034034033e-01 2.335893913664595e-01 2.427127022272246e-01
4.054054054054055e-01 2.332201474061599e-01 2.419894222090295e-01
4.074074074074074e-01 2.328366631858796e-01 2.412492506679919e-01
4.094094094094094e-01 2.324390462720178e-01 2.404925689850636e-01
4.114114114114114e-01 2.320274058424292e-01 2.397197600927783e-01
4.134134134134133e-01 2.316018526716392e-01 2.389312081767343e-01
4.154154154154155e-01 2.311624991157851e-01 2.381272983816837e-01
4.174174174174174e-01 2.307094590973198e-01 2.373084165225672e-01
4.194194194194194e-01 2.302428480894525e-01 2.364749488008149e-01
4.214214214214214e-01 2.297627831003297e-01 2.356272815262138e-01
4.234234234234233e-01 2.292693826569814e-01 2.347658008446238e-01
4.254254254254255e-01 2.287627667889962e-01 2.338908924718018e-01
4.274274274274275e-01 2.282430570119595e-01 2.330029414335769e-01
4.294294294294294e-01 2.277103763106309e-01 2.321023318125956e-01
4.314314314314314e-01 2.271648491218826e-01 2.311894465018421e-01
4.334334334334333e-01 2.266066013173772e-01 2.302646669651119e-01
4.354354354354355e-01 2.260357601860107e-01 2.293283730046045e-01
4.374374374374375e-01 2.254524544160987e-01 2.283809425357769e-01
4.394394394394394e-01 2.248568140773208e-01 2.274227513695835e-01
4.414414414414414e-01 2.242489706024210e-01 2.264541730022086e-01
4.434434434434436e-01 2.236290567686676e-01 2.254755784123803e-01
4.454454454454455e-01 2.229972066790596e-01 2.244873358663368e-01
4.474474474474475e-01 2.223535557433033e-01 2.234898107304970e-01
4.494494494494494e-01 2.216982406585455e-01 2.224833652918769e-01
4.514514514514514e-01 2.210313993898624e-01 2.214683585862688e-01
4.534534534534536e-01 2.203531711505176e-01 2.204451462341912e-01
4.554554554554555e-01 2.196636963819797e-01 2.194140802846020e-01
4.574574574574575e-01 2.189631167337016e-01 2.183755090663478e-01
4.594594594594594e-01 2.182515750426768e-01 2.173297770473168e-01
4.614614614614614e-01 2.175292153127443e-01 2.162772247012435e-01
4.634634634634636e-01 2.167961826936852e-01 2.152181883821030e-01
4.654654654654655e-01 2.160526234600646e-01 2.141530002060234e-01
4.674674674674675e-01 2.152986849898659e-01 2.130819879406279e-01
4.694694694694694e-01 2.145345157428843e-01 2.120054749017158e-01
4.714714714714714e-01 2.137602652389038e-01 2.109237798571757e-01
4.734734734734736e-01 2.129760840356375e-01 2.098372169380160e-01
4.754754754754755e-01 2.121821237064607e-01 2.087460955563950e-01
4.774774774774775e-01 2.113785368179098e-01 2.076507203305148e-01
4.794794794794794e-01 2.105654769069724e-01 2.065513910162478e-01
4.814814814814814e-01 2.097430984581468e-01 2.054484024453498e-01
4.834834834834836e-01 2.089115568802969e-01 2.043420444701103e-01
4.854854854854855e-01 2.080710084832882e-01 2.032326019142872e-01
4.874874874874875e-01 2.072216104544088e-01 2.021203545301654e-01
4.894894894894894e-01 2.063635208345834e-01 2.010055769615766e-01
4.914914914914914e-01 2.054968984943719e-01 1.998885387127149e-01
4.934934934934936e-01 2.046219031097698e-01 1.987695041225760e-01
4.954954954954955e-01 2.037386951377951e-01 1.976487323448500e-01
4.974974974974975e-01 2.028474357918725e-01 1.965264773330915e-01
4.994994994994995e-01 2.019482870170211e-01 1.954029878309938e-01
5.015015015015014e-01 2.010414114648349e-01 1.942785073675873e-01
5.035035035035036e-01 2.001269724682744e-01 1.931532742571867e-01
5.055055055055055e-01 1.992051340162527e-01 1.920275216039087e-01
5.075075075075075e-01 1.982760607280331e-01 1.909014773105805e-01
5.095095095095095e-01 1.973399178274369e-01 1.897753640918656e-01
5.115115115115114e-01 1.963968711168593e-01 1.886493994914270e-01
5.135135135135136e-01 1.954470869510959e-01 1.875237959029544e-01
5.155155155155156e-01 1.944907322109873e-01 1.863987605948813e-01
5.175175175175175e-01 1.935279742768807e-01 1.852744957386192e-01
5.195195195195195e-01 1.925589810019100e-01 1.841511984401407e-01
5.215215215215214e-01 1.915839206850977e-01 1.830290607747414e-01
5.235235235235236e-01 1.906029620442795e-01 1.819082698248176e-01
5.255255255255256e-01 1.896162741888600e-01 1.807890077204962e-01
5.275275275275275e-01 1.886240265923911e-01 1.796714516829560e-01
5.295295295295295e-01 1.876263890649855e-01 1.785557740702867e-01
5.315315315315314e-01 1.866235317255650e-01 1.774421424257294e-01
5.335335335335336e-01 1.856156249739398e-01 1.763307195281499e-01
5.355355355355356e-01 1.846028394627370e-01 1.752216634445986e-01
5.375375375375375e-01 1.835853460691532e-01 1.741151275848120e-01
5.395395395395395e-01 1.825633158665751e-01 1.730112607575195e-01
5.415415415415414e-01 1.815369200960205e-01 1.719102072284167e-01
5.435435435435436e-01 1.805063301374516e-01 1.708121067796763e-01
5.455455455455456e-01 1.794717174809295e-01 1.697170947708664e-01
5.475475475475475e-01 1.784332536976179e-01 1.686253022011532e-01
5.495495495495495e-01 1.773911104106620e-01 1.675368557726684e-01
5.515515515515514e-01 1.763454592659089e-01 1.664518779549235e-01
5.535535535535536e-01 1.752964719025091e-01 1.653704870501610e-01
5.555555555555556e-01 1.742443199233705e-01 1.642927972595330e-01
5.575575575575575e-01 1.731891748654840e-01 1.632189187500014e-01
5.595595595595595e-01 1.721312081701376e-01 1.621489577218627e-01
5.615615615615615e-01 1.710705911529740e-01 1.610830164767982e-01
5.635635635635636e-01 1.700074949739669e-01 1.600211934863568e-01
5.655655655655656e-01 1.689420906072456e-01 1.589635834607847e-01
5.675675675675675e-01 1.678745488108134e-01 1.579102774181117e-01
5.695695695695695e-01 1.668050400961732e-01 1.568613627534177e-01
5.715715715715717e-01 1.657337346978114e-01 1.558169233081986e-01
5.735735735735736e-01 1.646608025426026e-01 1.547770394397594e-01
5.755755755755756e-01 1.635864132191073e-01 1.537417880905611e-01
5.775775775775776e-01 1.625107359467531e-01 1.527112428574580e-01
5.795795795795795e-01 1.614339395449484e-01 1.516854740607584e-01
5.815815815815817e-01 1.603561924020785e-01 1.506645488130502e-01
5.835835835835836e-01 1.592776624444313e-01 1.496485310877333e-01
5.855855855855856e-01 1.581985171050299e-01 1.486374817872048e-01
5.875875875875876e-01 1.571189232923792e-01 1.476314588106461e-01
5.895895895895895e-01 1.560390473591502e-01 1.466305171213646e-01
5.915915915915917e-01 1.549590550707656e-01 1.456347088136430e-01
5.935935935935936e-01 1.538791115739448e-01 1.446440831790568e-01
5.955955955955956e-01 1.527993813651559e-01 1.436586867722170e-01
5.975975975975976e-01 1.517200282590149e-01 1.426785634759039e-01
5.995995995995995e-01 1.506412153566330e-01 1.417037545655567e-01
6.016016016016017e-01 1.495631050138900e-01 1.407342987730866e-01
6.036036036036037e-01 1.484858588096762e-01 1.397702323499846e-01
6.056056056056056e-01 1.474096375140716e-01 1.388115891296957e-01
6.076076076076076e-01 1.463346010564841e-01 1.378584005892365e-01
6.096096096096095e-01 1.452609084937589e-01 1.369106959100316e-01
6.116116116116117e-01 1.441887179782338e-01 1.359685020379484e-01
6.136136136136137e-01 1.431181867257762e-01 1.350318437425127e-01
6.156156156156156e-01 1.420494709837925e-01 1.341007436752860e-01
6.176176176176176e-01 1.409827259991990e-01 1.331752224273919e-01
6.196196196196195e-01 1.399181059863965e-01 1.322552985861762e-01
6.216216216216217e-01 1.388557640952077e-01 1.313409887909904e-01
6.236236236236237e-01 1.377958523788199e-01 1.304323077880874e-01
6.256256256256256e-01 1.367385217617137e-01 1.295292684846218e-01
6.276276276276276e-01 1.356839220075838e-01 1.286318820017471e-01
6.296296296296295e-01 1.346322016872814e-01 1.277401577268039e-01
6.316316316316317e-01 1.335835081467384e-01 1.268541033645949e-01
6.336336336336337e-01 1.325379874749229e-01 1.259737249877443e-01
6.356356356356356e-01 1.314957844718027e-01 1.250990270861365e-01
6.376376376376376e-01 1.304570426163211e-01 1.242300126154381e-01
6.396396396396395e-01 1.294219040344162e-01 1.233666830446982e-01
6.416416416416417e-01 1.283905094670515e-01 1.225090384030319e-01
6.436436436436437e-01 1.273629982382893e-01 1.216570773253867e-01
6.456456456456456e-01 1.263395082234074e-01 1.208107970973960e-01
6.476476476476476e-01 1.253201758170470e-01 1.199701936993231e-01
6.496496496496496e-01 1.243051359014226e-01 1.191352618490999e-01
6.516516516516517e-01 1.232945218145752e-01 1.183059950444660e-01
6.536536536536537e-01 1.222884653186889e-01 1.174823856042142e-01
6.556556556556556e-01 1.212870965684762e-01 1.166644247085481e-01
6.576576576576576e-01 1.202905440796122e-01 1.158521024385605e-01
6.596596596596596e-01 1.192989346972733e-01 1.150454078148392e-01
6.616616616616617e-01 1.183123935647192e-01 1.142443288352079e-01
6.636636636636637e-01 1.173310440919893e-01 1.134488525116132e-01
6.656656656656657e-01 1.163550079246707e-01 1.126589649061641e-01
6.676676676676676e-01 1.153844049127587e-01 1.118746511663353e-01
6.696696696696696e-01 1.144193530796397e-01 1.110958955593438e-01
6.716716716716717e-01 1.134599685911369e-01 1.103226815057085e-01
6.736736736736737e-01 1.125063657247147e-01 1.095549916120047e-01
6.756756756756757e-01 1.115586568387621e-01 1.087928077028220e-01
6.776776776776776e-01 1.106169523420089e-01 1.080361108519391e-01
6.796796796796796e-01 1.096813606630818e-01 1.072848814127251e-01
6.816816816816818e-01 1.087519882201641e-01 1.065390990477798e-01
6.836836836836837e-01 1.078289393908202e-01 1.057987427578240e-01
6.856856856856857e-01 1.069123164819513e-01 1.050637909098512e-01
6.876876876876876e-01 1.060022196998935e-01 1.043342212645535e-01
6.896896896896898e-01 1.050987471206922e-01 1.036100110030335e-01
6.916916916916918e-01 1.042019946605103e-01 1.028911367528137e-01
6.936936936936937e-01 1.033120560462200e-01 1.021775746131553e-01
6.956956956956957e-01 1.024290227861670e-01 1.014693001797002e-01
6.976976976976976e-01 1.015529841411019e-01 1.007662885684464e-01
6.996996996996998e-01 1.006840270953046e-01 1.000685144390698e-01
7.017017017017018e-01 9.982223632790045e-02 9.937595201760575e-02
7.037037037037037e-01 9.896769418435782e-02 9.868857511849954e-02
7.057057057057057e-01 9.812048064821802e-02 9.800635716604146e-02
7.077077077077076e-01 9.728067331298791e-02 9.732927121519627e-02
7.097097097097098e-01 9.644834735430252e-02 9.665728997183953e-02
7.117117117117118e-01 9.562357550226000e-02 9.599038581241366e-02
7.137137137137137e-01 9.480642801400992e-02 9.532853080301407e-02
7.157157157157157e-01 9.399697264657077e-02 9.467169671791875e-02
7.177177177177176e-01 9.319527462988321e-02 9.401985505757217e-02
7.197197197197198e-01 9.240139664011815e-02 9.337297706603512e-02
7.217217217217218e-01 9.161539877322739e-02 9.273103374791271e-02
7.237237237237237e-01 9.083733851875601e-02 9.209399588477056e-02
7.257257257257257e-01 9.006727073393145e-02 9.146183405105206e-02
7.277277277277276e-01 8.930524761801352e-02 9.083451862950691e-02
7.297297297297298e-01 8.855131868692283e-02 9.021201982614194e-02
7.317317317317318e-01 8.780553074817482e-02 8.959430768470585e-02
7.337337337337337e-01 8.706792787607295e-02 8.898135210071725e-02
7.357357357357357e-01 8.633855138724238e-02 8.837312283504836e-02
7.377377377377377e-01 8.561743981642922e-02 8.776958952707330e-02
7.397397397397398e-01 8.490462889265656e-02 8.717072170739218e-02
7.417417417417418e-01 8.420015151565423e-02 8.657648881014099e-02
7.437437437437437e-01 8.350403773265813e-02 8.598686018489657e-02
7.457457457457457e-01 8.281631471552307e-02 8.540180510818786e-02
7.477477477477477e-01 8.213700673817254e-02 8.482129279462192e-02
7.497497497497498e-01 8.146613515442595e-02 8.424529240763470e-02
7.517517517517518e-01 8.080371837613852e-02 8.367377306987622e-02
7.537537537537538e-01 8.014977185174747e-02 8.310670387323864e-02
7.557557557557557e-01 7.950430804517229e-02 8.254405388853693e-02
7.577577577577577e-01 7.886733641507342e-02 8.198579217485084e-02
7.597597597597598e-01 7.823886339454449e-02 8.143188778853663e-02
7.617617617617618e-01 7.761889237114337e-02 8.088230979191764e-02
7.637637637637638e-01 7.700742366736242e-02 8.033702726166125e-02
7.657657657657657e-01 7.640445452150349e-02 7.979600929685152e-02
7.677677677677677e-01 7.580997906894234e-02 7.925922502676480e-02
7.697697697697699e-01 7.522398832385715e-02 7.872664361835645e-02
7.717717717717718e-01 7.464647016134940e-02 7.819823428346670e-02
7.737737737737738e-01 7.407740930003040e-02 7.767396628575270e-02
7.757757757757757e-01 7.351678728505549e-02 7.715380894735456e-02
7.777777777777777e-01 7.296458247159029e-02 7.663773165530294e-02
7.797797797797799e-01 7.242077000876931e-02 7.612570386767455e-02
7.817817817817818e-01 7.188532182409865e-02 7.561769511950343e-02
7.837837837837838e-01 7.135820660836599e-02 7.511367502845391e-02
7.857857857857857e-01 7.083938980102308e-02 7.461361330026282e-02
7.877877877877877e-01 7.032883357604587e-02 7.411747973395695e-02
7.897897897897899e-01 6.982649682834760e-02 7.362524422685218e-02
7.917917917917918e-01 6.933233516065006e-02 7.313687677934098e-02
7.937937937937938e-01 6.884630087090622e-02 7.265234749947347e-02
7.957957957957957e-01 6.836834294025848e-02 7.217162660733895e-02
7.977977977977977e-01 6.789840702150306e-02 7.169468443925339e-02
7.997997997997999e-01 6.743643542813271e-02 7.122149145175821e-02
8.018018018018018e-01 6.698236712391509e-02 7.075201822543660e-02
8.038038038038038e-01 6.653613771303116e-02 7.028623546855191e-02
8.058058058058057e-01 6.609767943081542e-02 6.982411402051440e-02
8.078078078078077e-01 6.566692113503288e-02 6.936562485518077e-02
8.098098098098099e-01 6.524378829777566e-02 6.891073908399176e-02
8.118118118118118e-01 6.482820299796209e-02 6.845942795895306e-02
8.138138138138138e-01 6.442008391440250e-02 6.801166287546341e-02
8.158158158158157e-01 6.401934631954882e-02 6.756741537499575e-02
8.178178178178179e-01 6.362590207378445e-02 6.712665714763502e-02
8.198198198198199e-01 6.323965962043296e-02 6.668936003447802e-02
8.218218218218218e-01 6.286052398134749e-02 6.625549602989805e-02
8.238238238238238e-01 6.248839675317749e-02 6.582503728368075e-02
8.258258258258258e-01 6.212317610431157e-02 6.539795610303326e-02
8.278278278278279e-01 6.176475677245019e-02 6.497422495447194e-02
8.298298298298299e-01 6.141303006290452e-02 6.455381646559233e-02
8.318318318318318e-01 6.106788384755394e-02 6.413670342672431e-02
8.338338338338338e-01 6.072920256450721e-02 6.372285879247770e-02
8.358358358358358e-01 6.039686721849178e-02 6.331225568318041e-02
8.378378378378379e-01 6.007075538192921e-02 6.290486738621369e-02
8.398398398398399e-01 5.975074119677250e-02 6.250066735724738e-02
8.418418418418419e-01 5.943669537705640e-02 6.209962922137855e-02
8.438438438438438e-01 5.912848521218968e-02 6.170172677417698e-02
8.458458458458458e-01 5.882597457105084e-02 6.130693398264033e-02
8.478478478478479e-01 5.852902390677859e-02 6.091522498606240e-02
8.498498498498499e-01 5.823749026240604e-02 6.052657409681739e-02
8.518518518518519e-01 5.795122727723280e-02 6.014095580106240e-02
8.538538538538538e-01 5.767008519403347e-02 5.975834475936224e-02
8.558558558558558e-01 5.739391086703684e-02 5.937871580723820e-02
8.578578578578580e-01 5.712254777074546e-02 5.900204395564396e-02
8.598598598598599e-01 5.685583600956574e-02 5.862830439137123e-02
8.618618618618619e-01 5.659361232831105e-02 5.825747247738721e-02
8.638638638638638e-01 5.633571012348904e-02 5.788952375310703e-02
8.658658658658658e-01 5.608195945551445e-02 5.752443393460285e-02
8.678678678678680e-01 5.583218706175062e-02 5.716217891475245e-02
8.698698698698699e-01 5.558621637042608e-02 5.680273476332928e-02
8.718718718718719e-01 5.534386751547522e-02 5.644607772703610e-02
8.738738738738738e-01 5.510495735224232e-02 5.609218422948454e-02
8.758758758758758e-01 5.486929947411474e-02 5.574103087112259e-02
8.778778778778780e-01 5.463670423008169e-02 5.539259442911187e-02
8.798798798798799e-01 5.440697874320423e-02 5.504685185715680e-02
8.818818818818819e-01 5.417992693005785e-02 5.470378028528730e-02
8.838838838838838e-01 5.395534952109471e-02 5.436335701959715e-02
8.858858858858858e-01 5.373304408200792e-02 5.402555954193962e-02
8.878878878878880e-01 5.351280503603756e-02 5.369036550958206e-02
8.898898898898899e-01 5.329442368728985e-02 5.335775275482130e-02
8.918918918918919e-01 5.307768824503603e-02 5.302769928456103e-02
8.938938938938938e-01 5.286238384902918e-02 5.270018327985346e-02
8.958958958958958e-01 5.264829259584990e-02 5.237518309540597e-02
8.978978978978980e-01 5.243519356626129e-02 5.205267725905489e-02
8.998998998998999e-01 5.222286285362571e-02 5.173264447120755e-02
9.019019019019019e-01 5.201107359337444e-02 5.141506360425371e-02
9.039039039039038e-01 5.179959599353735e-02 5.109991370194843e-02
9.059059059059058e-01 5.158819736635989e-02 5.078717397876693e-02
9.079079079079080e-01 5.137664216098938e-02 5.047682381923319e-02
9.099099099099099e-01 5.116469199728115e-02 5.016884277722339e-02
9.119119119119119e-01 5.095210570073012e-02 4.986321057524511e-02
9.139139139139139e-01 5.073863933847644e-02 4.955990710369394e-02
9.159159159159158e-01 5.052404625651357e-02 4.925891242008812e-02
9.179179179179180e-01 5.030807711798425e-02 4.896020674828262e-02
9.199199199199199e-01 5.009047994269192e-02 4.866377047766365e-02
9.219219219219219e-01 4.987100014772853e-02 4.836958416232425e-02
9.239239239239239e-01 4.964938058934068e-02 4.807762852022245e-02
9.259259259259258e-01 4.942536160596073e-02 4.778788443232278e-02
9.279279279279280e-01 4.919868106244889e-02 4.750033294172167e-02
9.299299299299300e-01 4.896907439555227e-02 4.721495525275837e-02
9.319319319319319e-01 4.873627466064231e-02 4.693173273011127e-02
9.339339339339339e-01 4.850001257963044e-02 4.665064689788152e-02
9.359359359359358e-01 4.826001659018282e-02 4.637167943866374e-02
9.379379379379380e-01 4.801601289621948e-02 4.609481219260537e-02
9.399399399399400e-01 4.776772551965277e-02 4.582002715645508e-02
9.419419419419419e-01 4.751487635344936e-02 4.554730648260068e-02
9.439439439439439e-01 4.725718521602339e-02 4.527663247809787e-02
9.459459459459461e-01 4.699436990690044e-02 4.500798760368993e-02
9.479479479479480e-01 4.672614626375866e-02 4.474135447281947e-02
9.499499499499500e-01 4.645222822079469e-02 4.447671585063215e-02
9.519519519519519e-01 4.617232786846602e-02 4.421405465297404e-02
9.539539539539539e-01 4.588615551460486e-02 4.395335394538211e-02
9.559559559559561e-01 4.559341974689654e-02 4.369459694206919e-02
9.579579579579580e-01 4.529382749680935e-02 4.343776700490364e-02
9.599599599599600e-01 4.498708410485833e-02 4.318284764238412e-02
9.619619619619619e-01 4.467289338739686e-02 4.292982250861029e-02
9.639639639639639e-01 4.435095770474706e-02 4.267867540224968e-02
9.659659659659661e-01 4.402097803087966e-02 4.242939026550126e-02
9.679679679679680e-01 4.368265402447190e-02 4.218195118305647e-02
9.699699699699700e-01 4.333568410151752e-02 4.193634238105721e-02
9.719719719719719e-01 4.297976550938615e-02 4.169254822605262e-02
9.739739739739739e-01 4.261459440240976e-02 4.145055322395375e-02
9.759759759759761e-01 4.223986591901380e-02 4.121034201898732e-02
9.779779779779780e-01 4.185527426032569e-02 4.097189939264863e-02
9.799799799799800e-01 4.146051277038243e-02 4.073521026265390e-02
9.819819819819819e-01 4.105527401789513e-02 4.050025968189265e-02
9.839839839839839e-01 4.063924987957807e-02 4.026703283738033e-02
9.859859859859861e-01 4.021213162507246e-02 4.003551504921134e-02
9.879879879879880e-01 3.977361000349341e-02 3.980569176951319e-02
9.899899899899900e-01 3.932337533156090e-02 3.957754858140146e-02
9.919919919919920e-01 3.886111758342550e-02 3.935107119793647e-02
9.939939939939939e-01 3.838652648207262e-02 3.912624546108163e-02
9.959959959959961e-01 3.789929159243798e-02 3.890305734066356e-02
9.979979979979980e-01 3.739910241621357e-02 3.868149293333478e-02
1.000000000000000e+00 3.688564848826612e-02 3.846153846153846e-02
