-1.000000000000000e+00 -3.845486080091325e-02 -3.846153846153846e-02
-9.979979979979980e-01 -3.867934867001548e-02 -3.868149293333478e-02
-9.959959959959960e-01 -3.890471383686522e-02 -3.890305734066357e-02
-9.939939939939940e-01 -3.913095320219547e-02 -3.912624546108161e-02
-9.919919919919920e-01 -3.935808614870774e-02 -3.935107119793647e-02
-9.899899899899900e-01 -3.958615055543350e-02 -3.957754858140146e-02
-9.879879879879880e-01 -3.981519923491643e-02 -3.980569176951319e-02
-9.859859859859860e-01 -4.004529676140035e-02 -4.003551504921135e-02
-9.839839839839840e-01 -4.027651666002517e-02 -4.026703283738031e-02
-9.819819819819819e-01 -4.050893892876885e-02 -4.050025968189265e-02
-9.799799799799800e-01 -4.074264786653008e-02 -4.073521026265390e-02
-9.779779779779780e-01 -4.097773018232808e-02 -4.097189939264863e-02
-9.759759759759760e-01 -4.121427336210372e-02 -4.121034201898733e-02
-9.739739739739740e-01 -4.145236427104433e-02 -4.145055322395374e-02
-9.719719719719719e-01 -4.169208797072495e-02 -4.169254822605262e-02
-9.699699699699700e-01 -4.193352673166313e-02 -4.193634238105721e-02
-9.679679679679680e-01 -4.217675922312769e-02 -4.218195118305647e-02
-9.659659659659660e-01 -4.242185986322253e-02 -4.242939026550129e-02
-9.639639639639640e-01 -4.266889831339141e-02 -4.267867540224966e-02
-9.619619619619619e-01 -4.291793910255715e-02 -4.292982250861029e-02
-9.599599599599600e-01 -4.316904136712287e-02 -4.318284764238412e-02
-9.579579579579579e-01 -4.342225869402607e-02 -4.343776700490365e-02
-9.559559559559559e-01 -4.367763905494905e-02 -4.369459694206920e-02
-9.539539539539540e-01 -4.393522482065518e-02 -4.395335394538210e-02
-9.519519519519519e-01 -4.419505284524027e-02 -4.421405465297404e-02
-9.499499499499500e-01 -4.445715461086422e-02 -4.447671585063215e-02
-9.479479479479479e-01 -4.472155642426295e-02 -4.474135447281947e-02
-9.459459459459459e-01 -4.498827965703319e-02 -4.500798760368995e-02
-9.439439439439440e-01 -4.525734102233923e-02 -4.527663247809786e-02
-9.419419419419419e-01 -4.552875288130769e-02 -4.554730648260068e-02
-9.399399399399400e-01 -4.580252357295977e-02 -4.582002715645508e-02
-9.379379379379379e-01 -4.607865776207910e-02 -4.609481219260537e-02
-9.359359359359359e-01 -4.635715679992931e-02 -4.637167943866372e-02
-9.339339339339340e-01 -4.663801909322111e-02 -4.665064689788150e-02
-9.319319319319319e-01 -4.692124047718404e-02 -4.693173273011127e-02
-9.299299299299300e-01 -4.720681458902509e-02 -4.721495525275837e-02
-9.279279279279279e-01 -4.749473323845729e-02 -4.750033294172168e-02
-9.259259259259259e-01 -4.778498677235445e-02 -4.778788443232275e-02
-9.239239239239239e-01 -4.807756443093929e-02 -4.807762852022245e-02
-9.219219219219219e-01 -4.837245469323712e-02 -4.836958416232425e-02
-9.199199199199199e-01 -4.866964560983179e-02 -4.866377047766365e-02
-9.179179179179179e-01 -4.896912512124278e-02 -4.896020674828263e-02
-9.159159159159159e-01 -4.927088136050412e-02 -4.925891242008808e-02
-9.139139139139139e-01 -4.957490293876941e-02 -4.955990710369394e-02
-9.119119119119119e-01 -4.988117921299075e-02 -4.986321057524511e-02
-9.099099099099099e-01 -5.018970053492725e-02 -5.016884277722339e-02
-9.079079079079079e-01 -5.050045848092861e-02 -5.047682381923319e-02
-9.059059059059059e-01 -5.081344606211476e-02 -5.078717397876691e-02
-9.039039039039038e-01 -5.112865791473184e-02 -5.109991370194843e-02
-9.019019019019019e-01 -5.144609047061110e-02 -5.141506360425371e-02
-8.998998998998999e-01 -5.176574210779000e-02 -5.173264447120755e-02
-8.978978978978979e-01 -5.208761328147417e-02 -5.205267725905491e-02
-8.958958958958959e-01 -5.241170663562768e-02 -5.237518309540595e-02
-8.938938938938938e-01 -5.273802709557579e-02 -5.270018327985346e-02
-8.918918918918919e-01 -5.306658194209030e-02 -5.302769928456103e-02
-8.898898898898899e-01 -5.339738086750488e-02 -5.335775275482130e-02
-8.878878878878879e-01 -5.373043601447404e-02 -5.369036550958207e-02
-8.858858858858859e-01 -5.406576199804812e-02 -5.402555954193961e-02
-8.838838838838838e-01 -5.440337591178714e-02 -5.436335701959715e-02
-8.818818818818819e-01 -5.474329731867777e-02 -5.470378028528730e-02
-8.798798798798799e-01 -5.508554822765437e-02 -5.504685185715680e-02
-8.778778778778779e-01 -5.543015305655189e-02 -5.539259442911188e-02
-8.758758758758759e-01 -5.577713858234241e-02 -5.574103087112257e-02
-8.738738738738738e-01 -5.612653387952228e-02 -5.609218422948454e-02
-8.718718718718719e-01 -5.647837024752846e-02 -5.644607772703610e-02
-8.698698698698699e-01 -5.683268112806895e-02 -5.680273476332928e-02
-8.678678678678678e-01 -5.718950201325303e-02 -5.716217891475246e-02
-8.658658658658659e-01 -5.754887034540501e-02 -5.752443393460284e-02
-8.638638638638638e-01 -5.791082540943819e-02 -5.788952375310703e-02
-8.618618618618619e-01 -5.827540821865532e-02 -5.825747247738721e-02
-8.598598598598599e-01 -5.864266139482899e-02 -5.862830439137123e-02
-8.578578578578578e-01 -5.901262904339835e-02 -5.900204395564397e-02
-8.558558558558559e-01 -5.938535662459979e-02 -5.937871580723818e-02
-8.538538538538538e-01 -5.976089082132800e-02 -5.975834475936224e-02
-8.518518518518519e-01 -6.013927940449947e-02 -6.014095580106240e-02
-8.498498498498499e-01 -6.052057109666593e-02 -6.052657409681739e-02
-8.478478478478478e-01 -6.090481543459722e-02 -6.091522498606243e-02
-8.458458458458459e-01 -6.129206263152497e-02 -6.130693398264029e-02
-8.438438438438438e-01 -6.168236343970859e-02 -6.170172677417698e-02
-8.418418418418419e-01 -6.207576901395354e-02 -6.209962922137855e-02
-8.398398398398399e-01 -6.247233077668114e-02 -6.250066735724738e-02
-8.378378378378378e-01 -6.287210028511542e-02 -6.290486738621369e-02
-8.358358358358359e-01 -6.327512910112039e-02 -6.331225568318039e-02
-8.338338338338338e-01 -6.368146866418757e-02 -6.372285879247770e-02
-8.318318318318318e-01 -6.409117016803902e-02 -6.413670342672431e-02
-8.298298298298299e-01 -6.450428444127898e-02 -6.455381646559233e-02
-8.278278278278278e-01 -6.492086183249161e-02 -6.497422495447196e-02
-8.258258258258259e-01 -6.534095210014990e-02 -6.539795610303323e-02
-8.238238238238238e-01 -6.576460430766702e-02 -6.582503728368075e-02
-8.218218218218218e-01 -6.619186672388792e-02 -6.625549602989805e-02
-8.198198198198199e-01 -6.662278672928690e-02 -6.668936003447802e-02
-8.178178178178178e-01 -6.705741072810387e-02 -6.712665714763506e-02
-8.158158158158157e-01 -6.749578406662120e-02 -6.756741537499575e-02
-8.138138138138138e-01 -6.793795095775156e-02 -6.801166287546341e-02
-8.118118118118118e-01 -6.838395441207698e-02 -6.845942795895306e-02
-8.098098098098099e-01 -6.883383617544990e-02 -6.891073908399176e-02
-8.078078078078078e-01 -6.928763667323827e-02 -6.936562485518073e-02
-8.058058058058057e-01 -6.974539496126887e-02 -6.982411402051440e-02
-8.038038038038038e-01 -7.020714868349651e-02 -7.028623546855191e-02
-8.018018018018018e-01 -7.067293403640014e-02 -7.075201822543660e-02
-7.997997997997998e-01 -7.114278574008251e-02 -7.122149145175824e-02
-7.977977977977978e-01 -7.161673701602556e-02 -7.169468443925336e-02
-7.957957957957957e-01 -7.209481957143170e-02 -7.217162660733895e-02
-7.937937937937938e-01 -7.257706359005779e-02 -7.265234749947347e-02
-7.917917917917918e-01 -7.306349772942938e-02 -7.313687677934098e-02
-7.897897897897898e-01 -7.355414912430189e-02 -7.362524422685221e-02
-7.877877877877878e-01 -7.404904339621721e-02 -7.411747973395692e-02
-7.857857857857857e-01 -7.454820466898704e-02 -7.461361330026282e-02
-7.837837837837838e-01 -7.505165558991669e-02 -7.511367502845391e-02
-7.817817817817818e-01 -7.555941735656935e-02 -7.561769511950343e-02
-7.797797797797797e-01 -7.607150974885464e-02 -7.612570386767457e-02
-7.777777777777778e-01 -7.658795116621396e-02 -7.663773165530290e-02
-7.757757757757757e-01 -7.710875866966174e-02 -7.715380894735456e-02
-7.737737737737738e-01 -7.763394802843086e-02 -7.767396628575270e-02
-7.717717717717718e-01 -7.816353377096165e-02 -7.819823428346670e-02
-7.697697697697697e-01 -7.869752923996279e-02 -7.872664361835646e-02
-7.677677677677678e-01 -7.923594665126682e-02 -7.925922502676477e-02
-7.657657657657657e-01 -7.977879715619457e-02 -7.979600929685152e-02
-7.637637637637638e-01 -8.032609090713715e-02 -8.033702726166125e-02
-7.617617617617618e-01 -8.087783712605992e-02 -8.088230979191764e-02
-7.597597597597597e-01 -8.143404417562776e-02 -8.143188778853666e-02
-7.577577577577578e-01 -8.199471963264854e-02 -8.198579217485082e-02
-7.557557557557557e-01 -8.255987036352974e-02 -8.254405388853693e-02
-7.537537537537538e-01 -8.312950260144085e-02 -8.310670387323864e-02
-7.517517517517518e-01 -8.370362202487491e-02 -8.367377306987622e-02
-7.497497497497497e-01 -8.428223383730192e-02 -8.424529240763472e-02
-7.477477477477478e-01 -8.486534284760835e-02 -8.482129279462187e-02
-7.457457457457457e-01 -8.545295355101949e-02 -8.540180510818786e-02
-7.437437437437437e-01 -8.604507021020241e-02 -8.598686018489657e-02
-7.417417417417418e-01 -8.664169693625272e-02 -8.657648881014099e-02
-7.397397397397397e-01 -8.724283776927039e-02 -8.717072170739222e-02
-7.377377377377378e-01 -8.784849675823578e-02 -8.776958952707327e-02
-7.357357357357357e-01 -8.845867803990223e-02 -8.837312283504836e-02
-7.337337337337337e-01 -8.907338591642634e-02 -8.898135210071725e-02
-7.317317317317318e-01 -8.969262493146501e-02 -8.959430768470585e-02
-7.297297297297297e-01 -9.031639994447420e-02 -9.021201982614199e-02
-7.277277277277276e-01 -9.094471620295180e-02 -9.083451862950691e-02
-7.257257257257257e-01 -9.157757941237592e-02 -9.146183405105206e-02
-7.237237237237237e-01 -9.221499580359682e-02 -9.209399588477056e-02
-7.217217217217218e-01 -9.285697219745057e-02 -9.273103374791271e-02
-7.197197197197197e-01 -9.350351606637096e-02 -9.337297706603516e-02
-7.177177177177176e-01 -9.415463559278606e-02 -9.401985505757217e-02
-7.157157157157157e-01 -9.481033972409542e-02 -9.467169671791875e-02
-7.137137137137137e-01 -9.547063822403409e-02 -9.532853080301407e-02
-7.117117117117118e-01 -9.613554172023965e-02 -9.599038581241366e-02
-7.097097097097097e-01 -9.680506174784929e-02 -9.665728997183957e-02
-7.077077077077076e-01 -9.747921078896493e-02 -9.732927121519627e-02
-7.057057057057057e-01 -9.815800230783489e-02 -9.800635716604146e-02
-7.037037037037037e-01 -9.884145078161201e-02 -9.868857511849954e-02
-7.017017017017018e-01 -9.952957172655912e-02 -9.937595201760575e-02
-6.996996996996997e-01 -1.002223817195844e-01 -1.000685144390699e-01
-6.976976976976976e-01 -1.009198984150003e-01 -1.007662885684464e-01
-6.956956956956957e-01 -1.016221405564116e-01 -1.014693001797002e-01
-6.936936936936937e-01 -1.023291279836488e-01 -1.021775746131553e-01
-6.916916916916918e-01 -1.030408816346759e-01 -1.028911367528137e-01
-6.896896896896897e-01 -1.037574235424112e-01 -1.036100110030336e-01
-6.876876876876876e-01 -1.044787768264139e-01 -1.043342212645535e-01
-6.856856856856857e-01 -1.052049656793976e-01 -1.050637909098512e-01
-6.836836836836837e-01 -1.059360153485455e-01 -1.057987427578240e-01
-6.816816816816818e-01 -1.066719521116130e-01 -1.065390990477798e-01
-6.796796796796797e-01 -1.074128032478120e-01 -1.072848814127250e-01
-6.776776776776776e-01 -1.081585970034871e-01 -1.080361108519391e-01
-6.756756756756757e-01 -1.089093625525991e-01 -1.087928077028220e-01
-6.736736736736737e-01 -1.096651299520471e-01 -1.095549916120047e-01
-6.716716716716717e-01 -1.104259300918659e-01 -1.103226815057085e-01
-6.696696696696697e-01 -1.111917946403510e-01 -1.110958955593437e-01
-6.676676676676676e-01 -1.119627559841689e-01 -1.118746511663353e-01
-6.656656656656657e-01 -1.127388471635234e-01 -1.126589649061641e-01
-6.636636636636637e-01 -1.135201018024569e-01 -1.134488525116132e-01
-6.616616616616617e-01 -1.143065540343748e-01 -1.142443288352079e-01
-6.596596596596597e-01 -1.150982384228915e-01 -1.150454078148392e-01
-6.576576576576576e-01 -1.158951898781041e-01 -1.158521024385605e-01
-6.556556556556556e-01 -1.166974435684094e-01 -1.166644247085481e-01
-6.536536536536537e-01 -1.175050348279871e-01 -1.174823856042142e-01
-6.516516516516517e-01 -1.183179990600807e-01 -1.183059950444660e-01
-6.496496496496497e-01 -1.191363716362162e-01 -1.191352618490999e-01
-6.476476476476476e-01 -1.199601877915033e-01 -1.199701936993231e-01
-6.456456456456456e-01 -1.207894825161746e-01 -1.208107970973960e-01
-6.436436436436437e-01 -1.216242904435216e-01 -1.216570773253867e-01
-6.416416416416417e-01 -1.224646457343942e-01 -1.225090384030319e-01
-6.396396396396397e-01 -1.233105819584381e-01 -1.233666830446982e-01
-6.376376376376376e-01 -1.241621319722454e-01 -1.242300126154381e-01
-6.356356356356356e-01 -1.250193277946053e-01 -1.250990270861365e-01
-6.336336336336337e-01 -1.258822004790418e-01 -1.259737249877443e-01
-6.316316316316316e-01 -1.267507799838322e-01 -1.268541033645950e-01
-6.296296296296297e-01 -1.276250950397040e-01 -1.277401577268039e-01
-6.276276276276276e-01 -1.285051730154128e-01 -1.286318820017471e-01
-6.256256256256256e-01 -1.293910397814048e-01 -1.295292684846218e-01
-6.236236236236237e-01 -1.302827195717746e-01 -1.304323077880874e-01
-6.216216216216216e-01 -1.311802348447274e-01 -1.313409887909904e-01
-6.196196196196196e-01 -1.320836061417615e-01 -1.322552985861762e-01
-6.176176176176176e-01 -1.329928519457864e-01 -1.331752224273919e-01
-6.156156156156156e-01 -1.339079885383941e-01 -1.341007436752860e-01
-6.136136136136137e-01 -1.348290298565046e-01 -1.350318437425127e-01
-6.116116116116116e-01 -1.357559873486042e-01 -1.359685020379484e-01
-6.096096096096096e-01 -1.366888698307998e-01 -1.369106959100315e-01
-6.076076076076076e-01 -1.376276833429101e-01 -1.378584005892365e-01
-6.056056056056056e-01 -1.385724310048166e-01 -1.388115891296957e-01
-6.036036036036037e-01 -1.395231128732948e-01 -1.397702323499846e-01
-6.016016016016016e-01 -1.404797257995488e-01 -1.407342987730867e-01
-5.995995995995995e-01 -1.414422632876683e-01 -1.417037545655567e-01
-5.975975975975976e-01 -1.424107153542279e-01 -1.426785634759039e-01
-5.955955955955956e-01 -1.433850683892469e-01 -1.436586867722170e-01
-5.935935935935936e-01 -1.443653050187244e-01 -1.446440831790568e-01
-5.915915915915916e-01 -1.453514039689655e-01 -1.456347088136431e-01
-5.895895895895895e-01 -1.463433399329085e-01 -1.466305171213646e-01
-5.875875875875876e-01 -1.473410834386635e-01 -1.476314588106461e-01
-5.855855855855856e-01 -1.483446007204675e-01 -1.486374817872048e-01
-5.835835835835836e-01 -1.493538535922591e-01 -1.496485310877333e-01
-5.815815815815816e-01 -1.503687993240724e-01 -1.506645488130502e-01
-5.795795795795795e-01 -1.513893905214455e-01 -1.516854740607584e-01
-5.775775775775776e-01 -1.524155750080360e-01 -1.527112428574580e-01
-5.755755755755756e-01 -1.534472957116302e-01 -1.537417880905611e-01
-5.735735735735736e-01 -1.544844905537291e-01 -1.547770394397594e-01
-5.715715715715716e-01 -1.555270923428907e-01 -1.558169233081987e-01
-5.695695695695695e-01 -1.565750286720014e-01 -1.568613627534177e-01
-5.675675675675675e-01 -1.576282218196442e-01 -1.579102774181117e-01
-5.655655655655656e-01 -1.586865886557297e-01 -1.589635834607847e-01
-5.635635635635636e-01 -1.597500405515442e-01 -1.600211934863568e-01
-5.615615615615616e-01 -1.608184832943702e-01 -1.610830164767981e-01
-5.595595595595595e-01 -1.618918170068230e-01 -1.621489577218627e-01
-5.575575575575575e-01 -1.629699360710470e-01 -1.632189187500014e-01
-5.555555555555556e-01 -1.640527290579025e-01 -1.642927972595330e-01
-5.535535535535536e-01 -1.651400786612742e-01 -1.653704870501610e-01
-5.515515515515516e-01 -1.662318616376210e-01 -1.664518779549234e-01
-5.495495495495495e-01 -1.673279487508839e-01 -1.675368557726684e-01
-5.475475475475475e-01 -1.684282047228588e-01 -1.686253022011532e-01
-5.455455455455456e-01 -1.695324881891389e-01 -1.697170947708664e-01
-5.435435435435436e-01 -1.706406516607185e-01 -1.708121067796763e-01
-5.415415415415415e-01 -1.717525414913492e-01 -1.719102072284166e-01
-5.395395395395395e-01 -1.728679978507276e-01 -1.730112607575195e-01
-5.375375375375375e-01 -1.739868547035911e-01 -1.741151275848120e-01
-5.355355355355356e-01 -1.751089397947864e-01 -1.752216634445986e-01
-5.335335335335336e-01 -1.762340746403724e-01 -1.763307195281499e-01
-5.315315315315315e-01 -1.773620745248100e-01 -1.774421424257294e-01
-5.295295295295295e-01 -1.784927485042833e-01 -1.785557740702867e-01
-5.275275275275275e-01 -1.796258994161929e-01 -1.796714516829560e-01
-5.255255255255256e-01 -1.807613238948502e-01 -1.807890077204962e-01
-5.235235235235236e-01 -1.818988123933973e-01 -1.819082698248176e-01
-5.215215215215215e-01 -1.830381492119700e-01 -1.830290607747413e-01
-5.195195195195195e-01 -1.841791125321116e-01 -1.841511984401407e-01
-5.175175175175175e-01 -1.853214744574425e-01 -1.852744957386192e-01
-5.155155155155156e-01 -1.864650010605769e-01 -1.863987605948813e-01
-5.135135135135135e-01 -1.876094524362784e-01 -1.875237959029544e-01
-5.115115115115115e-01 -1.887545827608320e-01 -1.886493994914269e-01
-5.095095095095095e-01 -1.899001403576091e-01 -1.897753640918656e-01
-5.075075075075075e-01 -1.910458677687897e-01 -1.909014773105805e-01
-5.055055055055055e-01 -1.921915018332042e-01 -1.920275216039087e-01
-5.035035035035035e-01 -1.933367737702459e-01 -1.931532742571868e-01
-5.015015015015015e-01 -1.944814092698014e-01 -1.942785073675873e-01
-4.994994994994995e-01 -1.956251285881387e-01 -1.954029878309938e-01
-4.974974974974975e-01 -1.967676466496857e-01 -1.965264773330915e-01
-4.954954954954955e-01 -1.979086731546259e-01 -1.976487323448500e-01
-4.934934934934935e-01 -1.990479126922313e-01 -1.987695041225761e-01
-4.914914914914915e-01 -2.001850648598471e-01 -1.998885387127149e-01
-4.894894894894894e-01 -2.013198243874360e-01 -2.010055769615766e-01
-4.874874874874875e-01 -2.024518812675827e-01 -2.021203545301654e-01
-4.854854854854855e-01 -2.035809208908576e-01 -2.032326019142872e-01
-4.834834834834835e-01 -2.047066241864267e-01 -2.043420444701104e-01
-4.814814814814815e-01 -2.058286677677947e-01 -2.054484024453498e-01
-4.794794794794794e-01 -2.069467240835602e-01 -2.065513910162478e-01
-4.774774774774775e-01 -2.080604615730563e-01 -2.076507203305148e-01
-4.754754754754755e-01 -2.091695448267467e-01 -2.087460955563950e-01
-4.734734734734735e-01 -2.102736347512404e-01 -2.098372169380161e-01
-4.714714714714715e-01 -2.113723887387840e-01 -2.109237798571756e-01
-4.694694694694694e-01 -2.124654608410884e-01 -2.120054749017158e-01
-4.674674674674675e-01 -2.135525019473361e-01 -2.130819879406279e-01
-4.654654654654654e-01 -2.146331599662192e-01 -2.141530002060235e-01
-4.634634634634635e-01 -2.157070800118464e-01 -2.152181883821031e-01
-4.614614614614615e-01 -2.167739045933592e-01 -2.162772247012434e-01
-4.594594594594594e-01 -2.178332738080903e-01 -2.173297770473168e-01
-4.574574574574575e-01 -2.188848255380947e-01 -2.183755090663478e-01
-4.554554554554554e-01 -2.199281956498820e-01 -2.194140802846021e-01
-4.534534534534534e-01 -2.209630181971717e-01 -2.204451462341913e-01
-4.514514514514515e-01 -2.219889256264956e-01 -2.214683585862687e-01
-4.494494494494494e-01 -2.230055489854626e-01 -2.224833652918769e-01
-4.474474474474475e-01 -2.240125181335040e-01 -2.234898107304970e-01
-4.454454454454454e-01 -2.250094619549118e-01 -2.244873358663368e-01
-4.434434434434434e-01 -2.259960085739812e-01 -2.254755784123804e-01
-4.414414414414415e-01 -2.269717855720665e-01 -2.264541730022086e-01
-4.394394394394394e-01 -2.279364202063588e-01 -2.274227513695835e-01
-4.374374374374375e-01 -2.288895396301899e-01 -2.283809425357769e-01
-4.354354354354354e-01 -2.298307711146685e-01 -2.293283730046045e-01
-4.334334334334334e-01 -2.307597422714515e-01 -2.302646669651119e-01
-4.314314314314315e-01 -2.316760812764526e-01 -2.311894465018420e-01
-4.294294294294294e-01 -2.325794170942902e-01 -2.321023318125956e-01
-4.274274274274275e-01 -2.334693797032758e-01 -2.330029414335769e-01
-4.254254254254254e-01 -2.343456003207438e-01 -2.338908924718019e-01
-4.234234234234234e-01 -2.352077116285224e-01 -2.347658008446238e-01
-4.214214214214215e-01 -2.360553479983477e-01 -2.356272815262137e-01
-4.194194194194194e-01 -2.368881457170214e-01 -2.364749488008149e-01
-4.174174174174174e-01 -2.377057432111118e-01 -2.373084165225672e-01
-4.154154154154154e-01 -2.385077812710034e-01 -2.381272983816837e-01
-4.134134134134134e-01 -2.392939032740937e-01 -2.389312081767342e-01
-4.114114114114115e-01 -2.400637554069456e-01 -2.397197600927782e-01
-4.094094094094094e-01 -2.408169868861960e-01 -2.404925689850636e-01
-4.074074074074074e-01 -2.415532501780295e-01 -2.412492506679919e-01
-4.054054054054054e-01 -2.422722012160249e-01 -2.419894222090296e-01
-4.034034034034034e-01 -2.429734996171830e-01 -2.427127022272245e-01
-4.014014014014013e-01 -2.436568088959484e-01 -2.434187111959703e-01
-3.993993993993994e-01 -2.443217966760384e-01 -2.441070717496391e-01
-3.973973973973974e-01 -2.449681348998946e-01 -2.447774089936886e-01
-3.953953953953954e-01 -2.455955000355767e-01 -2.454293508178284e-01
-3.933933933933934e-01 -2.462035732809176e-01 -2.460625282118159e-01
-3.913913913913913e-01 -2.467920407647657e-01 -2.466765755834330e-01
-3.893893893893894e-01 -2.473605937451387e-01 -2.472711310781825e-01
-3.873873873873874e-01 -2.479089288041205e-01 -2.478458369002253e-01
-3.853853853853854e-01 -2.484367480393331e-01 -2.484003396340662e-01
-3.833833833833834e-01 -2.489437592518195e-01 -2.489342905664849e-01
-3.813813813813813e-01 -2.494296761301781e-01 -2.494473460081948e-01
-3.793793793793794e-01 -2.498942184307922e-01 -2.499391676147022e-01
-3.773773773773774e-01 -2.503371121540001e-01 -2.504094227058294e-01
-3.753753753753754e-01 -2.507580897160594e-01 -2.508577845833567e-01
-3.733733733733734e-01 -2.511568901167580e-01 -2.512839328462304e-01
-3.713713713713713e-01 -2.515332591025337e-01 -2.516875537027806e-01
-3.693693693693694e-01 -2.518869493249633e-01 -2.520683402793853e-01
-3.673673673673674e-01 -2.522177204944919e-01 -2.524259929250187e-01
-3.653653653653653e-01 -2.525253395292720e-01 -2.527602195111159e-01
-3.633633633633634e-01 -2.528095806989923e-01 -2.530707357261913e-01
-3.613613613613613e-01 -2.530702257635753e-01 -2.533572653646462e-01
-3.593593593593594e-01 -2.533070641066317e-01 -2.536195406092085e-01
-3.573573573573574e-01 -2.535198928635634e-01 -2.538573023064485e-01
-3.553553553553553e-01 -2.537085170442099e-01 -2.540703002348269e-01
-3.533533533533534e-01 -2.538727496499403e-01 -2.542582933647346e-01
-3.513513513513513e-01 -2.540124117850978e-01 -2.544210501099999e-01
-3.493493493493494e-01 -2.541273327627083e-01 -2.545583485703442e-01
-3.473473473473474e-01 -2.542173502043679e-01 -2.546699767642887e-01
-3.453453453453453e-01 -2.542823101342356e-01 -2.547557328520220e-01
-3.433433433433434e-01 -2.543220670670543e-01 -2.548154253477621e-01
-3.413413413413413e-01 -2.543364840901364e-01 -2.548488733211609e-01
-3.393393393393394e-01 -2.543254329392505e-01 -2.548559065873203e-01
-3.373373373373373e-01 -2.542887940683537e-01 -2.548363658850110e-01
-3.353353353353353e-01 -2.542264567131189e-01 -2.547901030427072e-01
-3.333333333333334e-01 -2.541383189482118e-01 -2.547169811320755e-01
-3.313313313313313e-01 -2.540242877382784e-01 -2.546168746085794e-01
-3.293293293293293e-01 -2.538842789826083e-01 -2.544896694388921e-01
-3.273273273273273e-01 -2.537182175534465e-01 -2.543352632148321e-01
-3.253253253253253e-01 -2.535260373279301e-01 -2.541535652535690e-01
-3.233233233233234e-01 -2.533076812136327e-01 -2.539444966838760e-01
-3.213213213213213e-01 -2.530631011677061e-01 -2.537079905182334e-01
-3.193193193193193e-01 -2.527922582096109e-01 -2.534439917106218e-01
-3.173173173173173e-01 -2.524951224274388e-01 -2.531524571998731e-01
-3.153153153153153e-01 -2.521716729778287e-01 -2.528333559384802e-01
-3.133133133133134e-01 -2.518218980794892e-01 -2.524866689068000e-01
-3.113113113113113e-01 -2.514457950003430e-01 -2.521123891126142e-01
-3.093093093093093e-01 -2.510433700383145e-01 -2.517105215760487e-01
-3.073073073073073e-01 -2.506146384957892e-01 -2.512810832998819e-01
-3.053053053053053e-01 -2.501596246477750e-01 -2.508241032253086e-01
-3.033033033033034e-01 -2.496783617038050e-01 -2.503396221732549e-01
-3.013013013013013e-01 -2.491708917636251e-01 -2.498276927713748e-01
-2.992992992992993e-01 -2.486372657667136e-01 -2.492883793668889e-01
-2.972972972972973e-01 -2.480775434356867e-01 -2.487217579254580e-01
-2.952952952952953e-01 -2.474917932136496e-01 -2.481279159163142e-01
-2.932932932932933e-01 -2.468800921955554e-01 -2.475069521839020e-01
-2.912912912912913e-01 -2.462425260536427e-01 -2.468589768063103e-01
-2.892892892892893e-01 -2.455791889570223e-01 -2.461841109408055e-01
-2.872872872872873e-01 -2.448901834854953e-01 -2.454824866567991e-01
-2.852852852852853e-01 -2.441756205376830e-01 -2.447542467566140e-01
-2.832832832832833e-01 -2.434356192335574e-01 -2.439995445844332e-01
-2.812812812812813e-01 -2.426703068114653e-01 -2.432185438238397e-01
-2.792792792792793e-01 -2.418798185197425e-01 -2.424114182843786e-01
-2.772772772772772e-01 -2.410642975030190e-01 -2.415783516775909e-01
-2.752752752752753e-01 -2.402238946833216e-01 -2.407195373829887e-01
-2.732732732732732e-01 -2.393587686360833e-01 -2.398351782044571e-01
-2.712712712712713e-01 -2.384690854611730e-01 -2.389254861175855e-01
-2.692692692692693e-01 -2.375550186490643e-01 -2.379906820084424e-01
-2.672672672672672e-01 -2.366167489422642e-01 -2.370309954043228e-01
-2.652652652652653e-01 -2.356544641921270e-01 -2.360466641970057e-01
-2.632632632632632e-01 -2.346683592111826e-01 -2.350379343590694e-01
-2.612612612612613e-01 -2.336586356211132e-01 -2.340050596538186e-01
-2.592592592592593e-01 -2.326255016965106e-01 -2.329483013393839e-01
-2.572572572572572e-01 -2.315691722045568e-01 -2.318679278675573e-01
-2.552552552552553e-01 -2.304898682407686e-01 -2.307642145779311e-01
-2.532532532532532e-01 -2.293878170609513e-01 -2.296374433879046e-01
-2.512512512512513e-01 -2.282632519095088e-01 -2.284879024791282e-01
-2.492492492492493e-01 -2.271164118442631e-01 -2.273158859809458e-01
-2.472472472472472e-01 -2.259475415579337e-01 -2.261216936513960e-01
-2.452452452452453e-01 -2.247568911964350e-01 -2.249056305563279e-01
-2.432432432432432e-01 -2.235447161741478e-01 -2.236680067471761e-01
-2.412412412412412e-01 -2.223112769863264e-01 -2.224091369379383e-01
-2.392392392392393e-01 -2.210568390188033e-01 -2.211293401818810e-01
-2.372372372372372e-01 -2.197816723551543e-01 -2.198289395484975e-01
-2.352352352352353e-01 -2.184860515814921e-01 -2.185082618012228e-01
-2.332332332332332e-01 -2.171702555890531e-01 -2.171676370764007e-01
-2.312312312312312e-01 -2.158345673747491e-01 -2.158073985639865e-01
-2.292292292292293e-01 -2.144792738398502e-01 -2.144278821904480e-01
-2.272272272272272e-01 -2.131046655869747e-01 -2.130294263043203e-01
-2.252252252252253e-01 -2.117110367155543e-01 -2.116123713648446e-01
-2.232232232232232e-01 -2.102986846159497e-01 -2.101770596341110e-01
-2.212212212212212e-01 -2.088679097623895e-01 -2.087238348731048e-01
-2.192192192192193e-01 -2.074190155049077e-01 -2.072530420420377e-01
-2.172172172172172e-01 -2.059523078604531e-01 -2.057650270053268e-01
-2.152152152152152e-01 -2.044680953033470e-01 -2.042601362415663e-01
-2.132132132132132e-01 -2.029666885552621e-01 -2.027387165588154e-01
-2.112112112112112e-01 -2.014484003749011e-01 -2.012011148155091e-01
-2.092092092092092e-01 -1.999135453475452e-01 -1.996476776472758e-01
-2.072072072072072e-01 -1.983624396746521e-01 -1.980787511999296e-01
-2.052052052052052e-01 -1.967954009636721e-01 -1.964946808688799e-01
-2.032032032032032e-01 -1.952127480182600e-01 -1.948958110451884e-01
-2.012012012012012e-01 -1.936148006290540e-01 -1.932824848684765e-01
-1.991991991991992e-01 -1.920018793651911e-01 -1.916550439868722e-01
-1.971971971971972e-01 -1.903743053667333e-01 -1.900138283241632e-01
-1.951951951951952e-01 -1.887324001381705e-01 -1.883591758543049e-01
-1.931931931931932e-01 -1.870764853431714e-01 -1.866914223834131e-01
-1.911911911911912e-01 -1.854068826007459e-01 -1.850109013393547e-01
-1.891891891891891e-01 -1.837239132829857e-01 -1.833179435690259e-01
-1.871871871871872e-01 -1.820278983145462e-01 -1.816128771433997e-01
-1.851851851851852e-01 -1.803191579740304e-01 -1.798960271703963e-01
-1.831831831831832e-01 -1.785980116974348e-01 -1.781677156156235e-01
-1.811811811811812e-01 -1.768647778838140e-01 -1.764282611310115e-01
-1.791791791791791e-01 -1.751197737033188e-01 -1.746779788913533e-01
-1.771771771771772e-01 -1.733633149077610e-01 -1.729171804387493e-01
-1.751751751751752e-01 -1.715957156438541e-01 -1.711461735349361e-01
-1.731731731731732e-01 -1.698172882692777e-01 -1.693652620214705e-01
-1.711711711711712e-01 -1.680283431717105e-01 -1.675747456877232e-01
-1.691691691691691e-01 -1.662291885909731e-01 -1.657749201466264e-01
-1.671671671671672e-01 -1.644201304444197e-01 -1.639660767181088e-01
-1.651651651651652e-01 -1.626014721557142e-01 -1.621485023201361e-01
-1.631631631631631e-01 -1.607735144871236e-01 -1.603224793672715e-01
-1.611611611611612e-01 -1.589365553754581e-01 -1.584882856766560e-01
-1.591591591591591e-01 -1.570908897717827e-01 -1.566461943812989e-01
-1.571571571571572e-01 -1.552368094850234e-01 -1.547964738505677e-01
-1.551551551551551e-01 -1.533746030295877e-01 -1.529393876177478e-01
-1.531531531531531e-01 -1.515045554771121e-01 -1.510751943145468e-01
-1.511511511511512e-01 -1.496269483124506e-01 -1.492041476124022e-01
-1.491491491491491e-01 -1.477420592940095e-01 -1.473264961704533e-01
-1.471471471471472e-01 -1.458501623185336e-01 -1.454424835900275e-01
-1.451451451451451e-01 -1.439515272904427e-01 -1.435523483754874e-01
-1.431431431431431e-01 -1.420464199958137e-01 -1.416563239012870e-01
-1.411411411411412e-01 -1.401351019810998e-01 -1.397546383850701e-01
-1.391391391391391e-01 -1.382178304366742e-01 -1.378475148666550e-01
-1.371371371371372e-01 -1.362948580852811e-01 -1.359351711927356e-01
-1.351351351351351e-01 -1.343664330754712e-01 -1.340178200071331e-01
-1.331331331331331e-01 -1.324327988800985e-01 -1.320956687464304e-01
-1.311311311311312e-01 -1.304941941999445e-01 -1.301689196408191e-01
-1.291291291291291e-01 -1.285508528725372e-01 -1.282377697199876e-01
-1.271271271271271e-01 -1.266030037862269e-01 -1.263024108238836e-01
-1.251251251251251e-01 -1.246508707995697e-01 -1.243630296181758e-01
-1.231231231231231e-01 -1.226946726660756e-01 -1.224198076142508e-01
-1.211211211211212e-01 -1.207346229643640e-01 -1.204729211935720e-01
-1.191191191191191e-01 -1.187709300337710e-01 -1.185225416362368e-01
-1.171171171171171e-01 -1.168037969154451e-01 -1.165688351535650e-01
-1.151151151151151e-01 -1.148334212989610e-01 -1.146119629245543e-01
-1.131131131131131e-01 -1.128599954744855e-01 -1.126520811360433e-01
-1.111111111111112e-01 -1.108837062905119e-01 -1.106893410264197e-01
-1.091091091091091e-01 -1.089047351171844e-01 -1.087238889327213e-01
-1.071071071071071e-01 -1.069232578152266e-01 -1.067558663409730e-01
-1.051051051051051e-01 -1.049394447104798e-01 -1.047854099396096e-01
-1.031031031031031e-01 -1.029534605740584e-01 -1.028126516758396e-01
-1.011011011011012e-01 -1.009654646081173e-01 -1.008377188148016e-01
-9.909909909909909e-02 -9.897561043722906e-02 -9.886073400137707e-02
-9.709709709709713e-02 -9.698404610536018e-02 -9.688181532452017e-02
-9.509509509509506e-02 -9.499091407842569e-02 -9.490107638397077e-02
-9.309309309309310e-02 -9.299635125241190e-02 -9.291862635922420e-02
-9.109109109109104e-02 -9.100048896703115e-02 -9.093457008062855e-02
-8.908908908908908e-02 -8.900345302488902e-02 -8.894900810249150e-02
-8.708708708708712e-02 -8.700536371612225e-02 -8.696203677807561e-02
-8.508508508508505e-02 -8.500633584847485e-02 -8.497374833637167e-02
-8.308308308308310e-02 -8.300647878276333e-02 -8.298423096053877e-02
-8.108108108108103e-02 -8.100589647368746e-02 -8.099356886790537e-02
-7.907907907907907e-02 -7.900468751593183e-02 -7.900184239143236e-02
-7.707707707707712e-02 -7.700294519550303e-02 -7.700912806253740e-02
-7.507507507507505e-02 -7.500075754623831e-02 -7.501549869519049e-02
-7.307307307307309e-02 -7.299820741142400e-02 -7.302102347118999e-02
-7.107107107107102e-02 -7.099537251045060e-02 -7.102576802653322e-02
-6.906906906906907e-02 -6.899232551043116e-02 -6.902979453880272e-02
-6.706706706706711e-02 -6.698913410270735e-02 -6.703316181548781e-02
-6.506506506506504e-02 -6.498586108415624e-02 -6.503592538317045e-02
-6.306306306306309e-02 -6.298256444321457e-02 -6.303813757750480e-02
-6.106106106106102e-02 -6.097929745052998e-02 -6.103984763392312e-02
-5.905905905905906e-02 -5.897610875414338e-02 -5.904110177900837e-02
-5.705705705705710e-02 -5.697304247910767e-02 -5.704194332247189e-02
-5.505505505505504e-02 -5.497013833143508e-02 -5.504241274968263e-02
-5.305305305305308e-02 -5.296743170627730e-02 -5.304254781469599e-02
-5.105105105105101e-02 -5.096495380021870e-02 -5.104238363373154e-02
-4.904904904904905e-02 -4.896273172757977e-02 -4.904195277905776e-02
-4.704704704704710e-02 -4.696078864060967e-02 -4.704128537323758e-02
-4.504504504504503e-02 -4.495914385345093e-02 -4.504040918369855e-02
-4.304304304304307e-02 -4.295781296975396e-02 -4.303934971759010e-02
-4.104104104104100e-02 -4.095680801381821e-02 -4.103813031689306e-02
-3.903903903903905e-02 -3.895613756512849e-02 -3.903677225375356e-02
-3.703703703703709e-02 -3.695580689615893e-02 -3.703529482600962e-02
-3.503503503503502e-02 -3.495581811331140e-02 -3.503371545288736e-02
-3.303303303303307e-02 -3.295617030084778e-02 -3.303204977084254e-02
-3.103103103103100e-02 -3.095685966768542e-02 -3.103031172952494e-02
-2.902902902902904e-02 -2.895787969690704e-02 -2.902851368784957e-02
-2.702702702702697e-02 -2.695922129784549e-02 -2.702666651015422e-02
-2.502502502502502e-02 -2.496087296060179e-02 -2.502477966243195e-02
-2.302302302302306e-02 -2.296282091284185e-02 -2.302286130862180e-02
-2.102102102102099e-02 -2.096504927872627e-02 -2.102091840694916e-02
-1.901901901901903e-02 -1.896754023982737e-02 -1.901895680630445e-02
-1.701701701701697e-02 -1.697027419786944e-02 -1.701698134265094e-02
-1.501501501501501e-02 -1.497322993914962e-02 -1.501499593545695e-02
-1.301301301301305e-02 -1.297638480047839e-02 -1.301300368414355e-02
-1.101101101101098e-02 -1.097971483648213e-02 -1.101100696454556e-02
-9.009009009009028e-03 -8.983194988113962e-03 -9.009007525380953e-03
-7.007007007006960e-03 -6.986799252209602e-03 -7.007006584724793e-03
-5.005005005005003e-03 -4.990500851933296e-03 -5.005004926488205e-03
-3.003003003003046e-03 -2.994272407949053e-03 -3.003002996897580e-03
-1.001001001000978e-03 -9.980861101578256e-04 -1.001001000975853e-03
1.001001001001089e-03 9.980861101578870e-04 1.001001000975964e-03
3.003003003003046e-03 2.994272407948873e-03 3.003002996897580e-03
5.005005005005003e-03 4.990500851933138e-03 5.005004926488205e-03
7.007007007006960e-03 6.986799252209365e-03 7.007006584724793e-03
9.009009009008917e-03 8.983194988113737e-03 9.009007525380842e-03
1.101101101101110e-02 1.097971483648217e-02 1.101100696454567e-02
1.301301301301305e-02 1.297638480047835e-02 1.301300368414355e-02
1.501501501501501e-02 1.497322993914949e-02 1.501499593545695e-02
1.701701701701697e-02 1.697027419786922e-02 1.701698134265094e-02
1.901901901901892e-02 1.896754023982715e-02 1.901895680630434e-02
2.102102102102110e-02 2.096504927872634e-02 2.102091840694927e-02
2.302302302302306e-02 2.296282091284171e-02 2.302286130862180e-02
2.502502502502502e-02 2.496087296060171e-02 2.502477966243195e-02
2.702702702702697e-02 2.695922129784499e-02 2.702666651015422e-02
2.902902902902893e-02 2.895787969690694e-02 2.902851368784946e-02
3.103103103103111e-02 3.095685966768534e-02 3.103031172952505e-02
3.303303303303307e-02 3.295617030084811e-02 3.303204977084254e-02
3.503503503503502e-02 3.495581811331103e-02 3.503371545288736e-02
3.703703703703698e-02 3.695580689615879e-02 3.703529482600951e-02
3.903903903903894e-02 3.895613756512821e-02 3.903677225375345e-02
4.104104104104112e-02 4.095680801381840e-02 4.103813031689317e-02
4.304304304304307e-02 4.295781296975375e-02 4.303934971759010e-02
4.504504504504503e-02 4.495914385345064e-02 4.504040918369855e-02
4.704704704704699e-02 4.696078864060943e-02 4.704128537323747e-02
4.904904904904894e-02 4.896273172757951e-02 4.904195277905765e-02
5.105105105105112e-02 5.096495380021863e-02 5.104238363373165e-02
5.305305305305308e-02 5.296743170627720e-02 5.304254781469599e-02
5.505505505505504e-02 5.497013833143526e-02 5.504241274968263e-02
5.705705705705699e-02 5.697304247910707e-02 5.704194332247178e-02
5.905905905905895e-02 5.897610875414291e-02 5.904110177900826e-02
6.106106106106113e-02 6.097929745052975e-02 6.103984763392323e-02
6.306306306306309e-02 6.298256444321455e-02 6.303813757750480e-02
6.506506506506504e-02 6.498586108415570e-02 6.503592538317045e-02
6.706706706706700e-02 6.698913410270743e-02 6.703316181548770e-02
6.906906906906918e-02 6.899232551043055e-02 6.902979453880283e-02
7.107107107107113e-02 7.099537251044997e-02 7.102576802653333e-02
7.307307307307309e-02 7.299820741142361e-02 7.302102347118999e-02
7.507507507507505e-02 7.500075754623806e-02 7.501549869519049e-02
7.707707707707701e-02 7.700294519550242e-02 7.700912806253729e-02
7.907907907907918e-02 7.900468751593141e-02 7.900184239143247e-02
8.108108108108114e-02 8.100589647368671e-02 8.099356886790549e-02
8.308308308308310e-02 8.300647878276277e-02 8.298423096053877e-02
8.508508508508505e-02 8.500633584847446e-02 8.497374833637167e-02
8.708708708708701e-02 8.700536371612166e-02 8.696203677807550e-02
8.908908908908919e-02 8.900345302488849e-02 8.894900810249161e-02
9.109109109109115e-02 9.100048896703049e-02 9.093457008062866e-02
9.309309309309310e-02 9.299635125241178e-02 9.291862635922420e-02
9.509509509509506e-02 9.499091407842537e-02 9.490107638397077e-02
9.709709709709702e-02 9.698404610535959e-02 9.688181532452006e-02
9.909909909909920e-02 9.897561043722855e-02 9.886073400137718e-02
1.011011011011012e-01 1.009654646081168e-01 1.008377188148016e-01
1.031031031031031e-01 1.029534605740581e-01 1.028126516758396e-01
1.051051051051051e-01 1.049394447104793e-01 1.047854099396096e-01
1.071071071071070e-01 1.069232578152259e-01 1.067558663409729e-01
1.091091091091092e-01 1.089047351171845e-01 1.087238889327214e-01
1.111111111111112e-01 1.108837062905113e-01 1.106893410264197e-01
1.131131131131131e-01 1.128599954744851e-01 1.126520811360433e-01
1.151151151151151e-01 1.148334212989611e-01 1.146119629245543e-01
1.171171171171170e-01 1.168037969154455e-01 1.165688351535649e-01
1.191191191191192e-01 1.187709300337706e-01 1.185225416362369e-01
1.211211211211212e-01 1.207346229643632e-01 1.204729211935720e-01
1.231231231231231e-01 1.226946726660749e-01 1.224198076142508e-01
1.251251251251251e-01 1.246508707995692e-01 1.243630296181758e-01
1.271271271271270e-01 1.266030037862253e-01 1.263024108238835e-01
1.291291291291292e-01 1.285508528725366e-01 1.282377697199877e-01
1.311311311311312e-01 1.304941941999430e-01 1.301689196408191e-01
1.331331331331331e-01 1.324327988800973e-01 1.320956687464304e-01
1.351351351351351e-01 1.343664330754712e-01 1.340178200071331e-01
1.371371371371370e-01 1.362948580852790e-01 1.359351711927355e-01
1.391391391391392e-01 1.382178304366734e-01 1.378475148666551e-01
1.411411411411412e-01 1.401351019810980e-01 1.397546383850701e-01
1.431431431431431e-01 1.420464199958126e-01 1.416563239012870e-01
1.451451451451451e-01 1.439515272904428e-01 1.435523483754874e-01
1.471471471471471e-01 1.458501623185319e-01 1.454424835900274e-01
1.491491491491492e-01 1.477420592940095e-01 1.473264961704535e-01
1.511511511511512e-01 1.496269483124496e-01 1.492041476124022e-01
1.531531531531531e-01 1.515045554771113e-01 1.510751943145468e-01
1.551551551551551e-01 1.533746030295863e-01 1.529393876177478e-01
1.571571571571571e-01 1.552368094850225e-01 1.547964738505676e-01
1.591591591591592e-01 1.570908897717816e-01 1.566461943812990e-01
1.611611611611612e-01 1.589365553754569e-01 1.584882856766560e-01
1.631631631631631e-01 1.607735144871234e-01 1.603224793672715e-01
1.651651651651651e-01 1.626014721557142e-01 1.621485023201359e-01
1.671671671671671e-01 1.644201304444179e-01 1.639660767181086e-01
1.691691691691692e-01 1.662291885909724e-01 1.657749201466265e-01
1.711711711711712e-01 1.680283431717091e-01 1.675747456877232e-01
1.731731731731732e-01 1.698172882692751e-01 1.693652620214705e-01
1.751751751751751e-01 1.715957156438522e-01 1.711461735349361e-01
1.771771771771771e-01 1.733633149077599e-01 1.729171804387492e-01
1.791791791791792e-01 1.751197737033173e-01 1.746779788913534e-01
1.811811811811812e-01 1.768647778838136e-01 1.764282611310115e-01
1.831831831831832e-01 1.785980116974319e-01 1.781677156156235e-01
1.851851851851851e-01 1.803191579740281e-01 1.798960271703962e-01
1.871871871871871e-01 1.820278983145448e-01 1.816128771433996e-01
1.891891891891893e-01 1.837239132829843e-01 1.833179435690260e-01
1.911911911911912e-01 1.854068826007445e-01 1.850109013393547e-01
1.931931931931932e-01 1.870764853431701e-01 1.866914223834131e-01
1.951951951951951e-01 1.887324001381676e-01 1.883591758543048e-01
1.971971971971973e-01 1.903743053667327e-01 1.900138283241633e-01
1.991991991991993e-01 1.920018793651901e-01 1.916550439868723e-01
2.012012012012012e-01 1.936148006290527e-01 1.932824848684765e-01
2.032032032032032e-01 1.952127480182590e-01 1.948958110451884e-01
2.052052052052051e-01 1.967954009636690e-01 1.964946808688799e-01
2.072072072072073e-01 1.983624396746508e-01 1.980787511999297e-01
2.092092092092093e-01 1.999135453475425e-01 1.996476776472759e-01
2.112112112112112e-01 2.014484003748975e-01 2.012011148155091e-01
2.132132132132132e-01 2.029666885552605e-01 2.027387165588154e-01
2.152152152152151e-01 2.044680953033457e-01 2.042601362415662e-01
2.172172172172173e-01 2.059523078604496e-01 2.057650270053269e-01
2.192192192192193e-01 2.074190155049049e-01 2.072530420420377e-01
2.212212212212212e-01 2.088679097623862e-01 2.087238348731048e-01
2.232232232232232e-01 2.102986846159463e-01 2.101770596341110e-01
2.252252252252251e-01 2.117110367155514e-01 2.116123713648446e-01
2.272272272272273e-01 2.131046655869710e-01 2.130294263043204e-01
2.292292292292293e-01 2.144792738398469e-01 2.144278821904480e-01
2.312312312312312e-01 2.158345673747454e-01 2.158073985639865e-01
2.332332332332332e-01 2.171702555890508e-01 2.171676370764007e-01
2.352352352352352e-01 2.184860515814863e-01 2.185082618012227e-01
2.372372372372373e-01 2.197816723551499e-01 2.198289395484976e-01
2.392392392392393e-01 2.210568390188032e-01 2.211293401818810e-01
2.412412412412412e-01 2.223112769863222e-01 2.224091369379383e-01
2.432432432432432e-01 2.235447161741443e-01 2.236680067471761e-01
2.452452452452452e-01 2.247568911964287e-01 2.249056305563278e-01
2.472472472472473e-01 2.259475415579319e-01 2.261216936513961e-01
2.492492492492493e-01 2.271164118442617e-01 2.273158859809458e-01
2.512512512512513e-01 2.282632519095065e-01 2.284879024791282e-01
2.532532532532532e-01 2.293878170609474e-01 2.296374433879046e-01
2.552552552552552e-01 2.304898682407633e-01 2.307642145779310e-01
2.572572572572573e-01 2.315691722045539e-01 2.318679278675574e-01
2.592592592592593e-01 2.326255016965060e-01 2.329483013393839e-01
2.612612612612613e-01 2.336586356211073e-01 2.340050596538186e-01
2.632632632632632e-01 2.346683592111787e-01 2.350379343590694e-01
2.652652652652652e-01 2.356544641921231e-01 2.360466641970057e-01
2.672672672672673e-01 2.366167489422607e-01 2.370309954043228e-01
2.692692692692693e-01 2.375550186490619e-01 2.379906820084424e-01
2.712712712712713e-01 2.384690854611714e-01 2.389254861175855e-01
2.732732732732732e-01 2.393587686360818e-01 2.398351782044571e-01
2.752752752752752e-01 2.402238946833179e-01 2.407195373829886e-01
2.772772772772774e-01 2.410642975030183e-01 2.415783516775909e-01
2.792792792792793e-01 2.418798185197407e-01 2.424114182843786e-01
2.812812812812813e-01 2.426703068114663e-01 2.432185438238397e-01
2.832832832832832e-01 2.434356192335575e-01 2.439995445844332e-01
2.852852852852852e-01 2.441756205376798e-01 2.447542467566140e-01
2.872872872872874e-01 2.448901834854931e-01 2.454824866567991e-01
2.892892892892893e-01 2.455791889570198e-01 2.461841109408055e-01
2.912912912912913e-01 2.462425260536409e-01 2.468589768063103e-01
2.932932932932932e-01 2.468800921955536e-01 2.475069521839019e-01
2.952952952952952e-01 2.474917932136467e-01 2.481279159163141e-01
2.972972972972974e-01 2.480775434356872e-01 2.487217579254580e-01
2.992992992992993e-01 2.486372657667113e-01 2.492883793668889e-01
3.013013013013013e-01 2.491708917636211e-01 2.498276927713748e-01
3.033033033033032e-01 2.496783617037992e-01 2.503396221732549e-01
3.053053053053052e-01 2.501596246477710e-01 2.508241032253085e-01
3.073073073073074e-01 2.506146384957813e-01 2.512810832998819e-01
3.093093093093093e-01 2.510433700383092e-01 2.517105215760487e-01
3.113113113113113e-01 2.514457950003419e-01 2.521123891126142e-01
3.133133133133132e-01 2.518218980794835e-01 2.524866689068000e-01
3.153153153153154e-01 2.521716729778219e-01 2.528333559384802e-01
3.173173173173174e-01 2.524951224274323e-01 2.531524571998731e-01
3.193193193193193e-01 2.527922582096038e-01 2.534439917106218e-01
3.213213213213213e-01 2.530631011677014e-01 2.537079905182334e-01
3.233233233233233e-01 2.533076812136289e-01 2.539444966838760e-01
3.253253253253254e-01 2.535260373279257e-01 2.541535652535690e-01
3.273273273273274e-01 2.537182175534378e-01 2.543352632148321e-01
3.293293293293293e-01 2.538842789826067e-01 2.544896694388921e-01
3.313313313313313e-01 2.540242877382737e-01 2.546168746085794e-01
3.333333333333333e-01 2.541383189482036e-01 2.547169811320755e-01
3.353353353353354e-01 2.542264567131111e-01 2.547901030427072e-01
3.373373373373374e-01 2.542887940683519e-01 2.548363658850110e-01
3.393393393393394e-01 2.543254329392419e-01 2.548559065873203e-01
3.413413413413413e-01 2.543364840901302e-01 2.548488733211609e-01
3.433433433433433e-01 2.543220670670486e-01 2.548154253477621e-01
3.453453453453454e-01 2.542823101342273e-01 2.547557328520220e-01
3.473473473473474e-01 2.542173502043666e-01 2.546699767642887e-01
3.493493493493494e-01 2.541273327627054e-01 2.545583485703442e-01
3.513513513513513e-01 2.540124117850878e-01 2.544210501099999e-01
3.533533533533533e-01 2.538727496499289e-01 2.542582933647346e-01
3.553553553553555e-01 2.537085170441949e-01 2.540703002348269e-01
3.573573573573574e-01 2.535198928635571e-01 2.538573023064485e-01
3.593593593593594e-01 2.533070641066317e-01 2.536195406092085e-01
3.613613613613613e-01 2.530702257635747e-01 2.533572653646462e-01
3.633633633633633e-01 2.528095806989843e-01 2.530707357261913e-01
3.653653653653655e-01 2.525253395292670e-01 2.527602195111159e-01
3.673673673673674e-01 2.522177204944775e-01 2.524259929250187e-01
3.693693693693694e-01 2.518869493249506e-01 2.520683402793853e-01
3.713713713713713e-01 2.515332591025274e-01 2.516875537027806e-01
3.733733733733733e-01 2.511568901167524e-01 2.512839328462305e-01
3.753753753753755e-01 2.507580897160472e-01 2.508577845833567e-01
3.773773773773774e-01 2.503371121539945e-01 2.504094227058294e-01
3.793793793793794e-01 2.498942184307890e-01 2.499391676147022e-01
3.813813813813813e-01 2.494296761301723e-01 2.494473460081948e-01
3.833833833833833e-01 2.489437592518101e-01 2.489342905664849e-01
3.853853853853855e-01 2.484367480393332e-01 2.484003396340662e-01
3.873873873873874e-01 2.479089288041120e-01 2.478458369002253e-01
3.893893893893894e-01 2.473605937451287e-01 2.472711310781825e-01
3.913913913913913e-01 2.467920407647601e-01 2.466765755834330e-01
3.933933933933933e-01 2.462035732809041e-01 2.460625282118160e-01
3.953953953953955e-01 2.455955000355588e-01 2.454293508178284e-01
3.973973973973974e-01 2.449681348998764e-01 2.447774089936886e-01
3.993993993993994e-01 2.443217966760259e-01 2.441070717496391e-01
4.014014014014013e-01 2.436568088959333e-01 2.434187111959703e-01
4.034034034034033e-01 2.429734996171666e-01 2.427127022272246e-01
4.054054054054055e-01 2.422722012160102e-01 2.419894222090295e-01
4.074074074074074e-01 2.415532501780194e-01 2.412492506679919e-01
4.094094094094094e-01 2.408169868861822e-01 2.404925689850636e-01
4.114114114114114e-01 2.400637554069359e-01 2.397197600927783e-01
4.134134134134133e-01 2.392939032740745e-01 2.389312081767343e-01
4.154154154154155e-01 2.385077812710001e-01 2.381272983816837e-01
4.174174174174174e-01 2.377057432111010e-01 2.373084165225672e-01
4.194194194194194e-01 2.368881457170026e-01 2.364749488008149e-01
4.214214214214214e-01 2.360553479983255e-01 2.356272815262138e-01
4.234234234234233e-01 2.352077116284966e-01 2.347658008446238e-01
4.254254254254255e-01 2.343456003207338e-01 2.338908924718018e-01
4.274274274274275e-01 2.334693797032628e-01 2.330029414335769e-01
4.294294294294294e-01 2.325794170942770e-01 2.321023318125956e-01
4.314314314314314e-01 2.316760812764309e-01 2.311894465018421e-01
4.334334334334333e-01 2.307597422714344e-01 2.302646669651119e-01
4.354354354354355e-01 2.298307711146540e-01 2.293283730046045e-01
4.374374374374375e-01 2.288895396301676e-01 2.283809425357769e-01
4.394394394394394e-01 2.279364202063335e-01 2.274227513695835e-01
4.414414414414414e-01 2.269717855720521e-01 2.264541730022086e-01
4.434434434434436e-01 2.259960085739723e-01 2.254755784123803e-01
4.454454454454455e-01 2.250094619548892e-01 2.244873358663368e-01
4.474474474474475e-01 2.240125181334902e-01 2.234898107304970e-01
4.494494494494494e-01 2.230055489854591e-01 2.224833652918769e-01
4.514514514514514e-01 2.219889256264772e-01 2.214683585862688e-01
4.534534534534536e-01 2.209630181971509e-01 2.204451462341912e-01
4.554554554554555e-01 2.199281956498738e-01 2.194140802846020e-01
4.574574574574575e-01 2.188848255380760e-01 2.183755090663478e-01
4.594594594594594e-01 2.178332738080639e-01 2.173297770473168e-01
4.614614614614614e-01 2.167739045933384e-01 2.162772247012435e-01
4.634634634634636e-01 2.157070800118198e-01 2.152181883821030e-01
4.654654654654655e-01 2.146331599661880e-01 2.141530002060234e-01
4.674674674674675e-01 2.135525019473010e-01 2.130819879406279e-01
4.694694694694694e-01 2.124654608410675e-01 2.120054749017158e-01
4.714714714714714e-01 2.113723887387720e-01 2.109237798571757e-01
4.734734734734736e-01 2.102736347512174e-01 2.098372169380160e-01
4.754754754754755e-01 2.091695448267376e-01 2.087460955563950e-01
4.774774774774775e-01 2.080604615730227e-01 2.076507203305148e-01
4.794794794794794e-01 2.069467240835356e-01 2.065513910162478e-01
4.814814814814814e-01 2.058286677677809e-01 2.054484024453498e-01
4.834834834834836e-01 2.047066241864161e-01 2.043420444701103e-01
4.854854854854855e-01 2.035809208908364e-01 2.032326019142872e-01
4.874874874874875e-01 2.024518812675746e-01 2.021203545301654e-01
4.894894894894894e-01 2.013198243874161e-01 2.010055769615766e-01
4.914914914914914e-01 2.001850648598357e-01 1.998885387127149e-01
4.934934934934936e-01 1.990479126922008e-01 1.987695041225760e-01
4.954954954954955e-01 1.979086731546159e-01 1.976487323448500e-01
4.974974974974975e-01 1.967676466496580e-01 1.965264773330915e-01
4.994994994994995e-01 1.956251285880937e-01 1.954029878309938e-01
5.015015015015014e-01 1.944814092697653e-01 1.942785073675873e-01
5.035035035035036e-01 1.933367737702325e-01 1.931532742571867e-01
5.055055055055055e-01 1.921915018331963e-01 1.920275216039087e-01
5.075075075075075e-01 1.910458677687552e-01 1.909014773105805e-01
5.095095095095095e-01 1.899001403575756e-01 1.897753640918656e-01
5.115115115115114e-01 1.887545827608191e-01 1.886493994914270e-01
5.135135135135136e-01 1.876094524362627e-01 1.875237959029544e-01
5.155155155155156e-01 1.864650010605498e-01 1.863987605948813e-01
5.175175175175175e-01 1.853214744574287e-01 1.852744957386192e-01
5.195195195195195e-01 1.841791125320617e-01 1.841511984401407e-01
5.215215215215214e-01 1.830381492119388e-01 1.830290607747414e-01
5.235235235235236e-01 1.818988123933803e-01 1.819082698248176e-01
5.255255255255256e-01 1.807613238948096e-01 1.807890077204962e-01
5.275275275275275e-01 1.796258994161459e-01 1.796714516829560e-01
5.295295295295295e-01 1.784927485042458e-01 1.785557740702867e-01
5.315315315315314e-01 1.773620745248057e-01 1.774421424257294e-01
5.335335335335336e-01 1.762340746403658e-01 1.763307195281499e-01
5.355355355355356e-01 1.751089397947351e-01 1.752216634445986e-01
5.375375375375375e-01 1.739868547035402e-01 1.741151275848120e-01
5.395395395395395e-01 1.728679978507044e-01 1.730112607575195e-01
5.415415415415414e-01 1.717525414913429e-01 1.719102072284167e-01
5.435435435435436e-01 1.706406516606915e-01 1.708121067796763e-01
5.455455455455456e-01 1.695324881891047e-01 1.697170947708664e-01
5.475475475475475e-01 1.684282047228123e-01 1.686253022011532e-01
5.495495495495495e-01 1.673279487508374e-01 1.675368557726684e-01
5.515515515515514e-01 1.662318616376053e-01 1.664518779549235e-01
5.535535535535536e-01 1.651400786612451e-01 1.653704870501610e-01
5.555555555555556e-01 1.640527290578794e-01 1.642927972595330e-01
5.575575575575575e-01 1.629699360709990e-01 1.632189187500014e-01
5.595595595595595e-01 1.618918170068055e-01 1.621489577218627e-01
5.615615615615615e-01 1.608184832943563e-01 1.610830164767982e-01
5.635635635635636e-01 1.597500405514606e-01 1.600211934863568e-01
5.655655655655656e-01 1.586865886556883e-01 1.589635834607847e-01
5.675675675675675e-01 1.576282218196411e-01 1.579102774181117e-01
5.695695695695695e-01 1.565750286719262e-01 1.568613627534177e-01
5.715715715715717e-01 1.555270923428607e-01 1.558169233081986e-01
5.735735735735736e-01 1.544844905536986e-01 1.547770394397594e-01
5.755755755755756e-01 1.534472957116266e-01 1.537417880905611e-01
5.775775775775776e-01 1.524155750079902e-01 1.527112428574580e-01
5.795795795795795e-01 1.513893905213373e-01 1.516854740607584e-01
5.815815815815817e-01 1.503687993239383e-01 1.506645488130502e-01
5.835835835835836e-01 1.493538535922251e-01 1.496485310877333e-01
5.855855855855856e-01 1.483446007203914e-01 1.486374817872048e-01
5.875875875875876e-01 1.473410834385802e-01 1.476314588106461e-01
5.895895895895895e-01 1.463433399328067e-01 1.466305171213646e-01
5.915915915915917e-01 1.453514039688680e-01 1.456347088136430e-01
5.935935935935936e-01 1.443653050186483e-01 1.446440831790568e-01
5.955955955955956e-01 1.433850683891061e-01 1.436586867722170e-01
5.975975975975976e-01 1.424107153541349e-01 1.426785634759039e-01
5.995995995995995e-01 1.414422632875642e-01 1.417037545655567e-01
6.016016016016017e-01 1.404797257995191e-01 1.407342987730866e-01
6.036036036036037e-01 1.395231128731467e-01 1.397702323499846e-01
6.056056056056056e-01 1.385724310046489e-01 1.388115891296957e-01
6.076076076076076e-01 1.376276833427591e-01 1.378584005892365e-01
6.096096096096095e-01 1.366888698306291e-01 1.369106959100316e-01
6.116116116116117e-01 1.357559873484586e-01 1.359685020379484e-01
6.136136136136137e-01 1.348290298563583e-01 1.350318437425127e-01
6.156156156156156e-01 1.339079885382940e-01 1.341007436752860e-01
6.176176176176176e-01 1.329928519456727e-01 1.331752224273919e-01
6.196196196196195e-01 1.320836061416489e-01 1.322552985861762e-01
6.216216216216217e-01 1.311802348445781e-01 1.313409887909904e-01
6.236236236236237e-01 1.302827195716813e-01 1.304323077880874e-01
6.256256256256256e-01 1.293910397812903e-01 1.295292684846218e-01
6.276276276276276e-01 1.285051730153150e-01 1.286318820017471e-01
6.296296296296295e-01 1.276250950394961e-01 1.277401577268039e-01
6.316316316316317e-01 1.267507799836737e-01 1.268541033645949e-01
6.336336336336337e-01 1.258822004789416e-01 1.259737249877443e-01
6.356356356356356e-01 1.250193277944514e-01 1.250990270861365e-01
6.376376376376376e-01 1.241621319721566e-01 1.242300126154381e-01
6.396396396396395e-01 1.233105819582819e-01 1.233666830446982e-01
6.416416416416417e-01 1.224646457342701e-01 1.225090384030319e-01
6.436436436436437e-01 1.216242904433316e-01 1.216570773253867e-01
6.456456456456456e-01 1.207894825159428e-01 1.208107970973960e-01
6.476476476476476e-01 1.199601877913213e-01 1.199701936993231e-01
6.496496496496496e-01 1.191363716359818e-01 1.191352618490999e-01
6.516516516516517e-01 1.183179990598381e-01 1.183059950444660e-01
6.536536536536537e-01 1.175050348277830e-01 1.174823856042142e-01
6.556556556556556e-01 1.166974435683237e-01 1.166644247085481e-01
6.576576576576576e-01 1.158951898779695e-01 1.158521024385605e-01
6.596596596596596e-01 1.150982384226992e-01 1.150454078148392e-01
6.616616616616617e-01 1.143065540341903e-01 1.142443288352079e-01
6.636636636636637e-01 1.135201018021676e-01 1.134488525116132e-01
6.656656656656657e-01 1.127388471633635e-01 1.126589649061641e-01
6.676676676676676e-01 1.119627559838759e-01 1.118746511663353e-01
6.696696696696696e-01 1.111917946402219e-01 1.110958955593438e-01
6.716716716716717e-01 1.104259300916167e-01 1.103226815057085e-01
6.736736736736737e-01 1.096651299517994e-01 1.095549916120047e-01
6.756756756756757e-01 1.089093625524741e-01 1.087928077028220e-01
6.776776776776776e-01 1.081585970031914e-01 1.080361108519391e-01
6.796796796796796e-01 1.074128032474763e-01 1.072848814127251e-01
6.816816816816818e-01 1.066719521114352e-01 1.065390990477798e-01
6.836836836836837e-01 1.059360153484167e-01 1.057987427578240e-01
6.856856856856857e-01 1.052049656792677e-01 1.050637909098512e-01
6.876876876876876e-01 1.044787768262556e-01 1.043342212645535e-01
6.896896896896898e-01 1.037574235421455e-01 1.036100110030335e-01
6.916916916916918e-01 1.030408816344365e-01 1.028911367528137e-01
6.936936936936937e-01 1.023291279834742e-01 1.021775746131553e-01
6.956956956956957e-01 1.016221405563427e-01 1.014693001797002e-01
6.976976976976976e-01 1.009198984146996e-01 1.007662885684464e-01
6.996996996996998e-01 1.002223817193565e-01 1.000685144390698e-01
7.017017017017018e-01 9.952957172619162e-02 9.937595201760575e-02
7.037037037037037e-01 9.884145078142553e-02 9.868857511849954e-02
7.057057057057057e-01 9.815800230756767e-02 9.800635716604146e-02
7.077077077077076e-01 9.747921078860342e-02 9.732927121519627e-02
7.097097097097098e-01 9.680506174745611e-02 9.665728997183953e-02
7.117117117117118e-01 9.613554171972605e-02 9.599038581241366e-02
7.137137137137137e-01 9.547063822386012e-02 9.532853080301407e-02
7.157157157157157e-01 9.481033972368630e-02 9.467169671791875e-02
7.177177177177176e-01 9.415463559242918e-02 9.401985505757217e-02
7.197197197197198e-01 9.350351606602561e-02 9.337297706603512e-02
7.217217217217218e-01 9.285697219724168e-02 9.273103374791271e-02
7.237237237237237e-01 9.221499580342850e-02 9.209399588477056e-02
7.257257257257257e-01 9.157757941193218e-02 9.146183405105206e-02
7.277277277277276e-01 9.094471620256572e-02 9.083451862950691e-02
7.297297297297298e-01 9.031639994421171e-02 9.021201982614194e-02
7.317317317317318e-01 8.969262493133533e-02 8.959430768470585e-02
7.337337337337337e-01 8.907338591617593e-02 8.898135210071725e-02
7.357357357357357e-01 8.845867803944343e-02 8.837312283504836e-02
7.377377377377377e-01 8.784849675790457e-02 8.776958952707330e-02
7.397397397397398e-01 8.724283776903491e-02 8.717072170739218e-02
7.417417417417418e-01 8.664169693602761e-02 8.657648881014099e-02
7.437437437437437e-01 8.604507020982169e-02 8.598686018489657e-02
7.457457457457457e-01 8.545295355067253e-02 8.540180510818786e-02
7.477477477477477e-01 8.486534284719688e-02 8.482129279462192e-02
7.497497497497498e-01 8.428223383697063e-02 8.424529240763470e-02
7.517517517517518e-01 8.370362202443642e-02 8.367377306987622e-02
7.537537537537538e-01 8.312950260097107e-02 8.310670387323864e-02
7.557557557557557e-01 8.255987036328892e-02 8.254405388853693e-02
7.577577577577577e-01 8.199471963225047e-02 8.198579217485084e-02
7.597597597597598e-01 8.143404417497146e-02 8.143188778853663e-02
7.617617617617618e-01 8.087783712576678e-02 8.088230979191764e-02
7.637637637637638e-01 8.032609090665781e-02 8.033702726166125e-02
7.657657657657657e-01 7.977879715581779e-02 7.979600929685152e-02
7.677677677677677e-01 7.923594665087078e-02 7.925922502676480e-02
7.697697697697699e-01 7.869752923951838e-02 7.872664361835645e-02
7.717717717717718e-01 7.816353377036223e-02 7.819823428346670e-02
7.737737737737738e-01 7.763394802803200e-02 7.767396628575270e-02
7.757757757757757e-01 7.710875866927572e-02 7.715380894735456e-02
7.777777777777777e-01 7.658795116551732e-02 7.663773165530294e-02
7.797797797797799e-01 7.607150974827817e-02 7.612570386767455e-02
7.817817817817818e-01 7.555941735575537e-02 7.561769511950343e-02
7.837837837837838e-01 7.505165558956632e-02 7.511367502845391e-02
7.857857857857857e-01 7.454820466858686e-02 7.461361330026282e-02
7.877877877877877e-01 7.404904339587645e-02 7.411747973395695e-02
7.897897897897899e-01 7.355414912341655e-02 7.362524422685218e-02
7.917917917917918e-01 7.306349772895425e-02 7.313687677934098e-02
7.937937937937938e-01 7.257706358914322e-02 7.265234749947347e-02
7.957957957957957e-01 7.209481957093962e-02 7.217162660733895e-02
7.977977977977977e-01 7.161673701508217e-02 7.169468443925339e-02
7.997997997997999e-01 7.114278573944789e-02 7.122149145175821e-02
8.018018018018018e-01 7.067293403537302e-02 7.075201822543660e-02
8.038038038038038e-01 7.020714868318384e-02 7.028623546855191e-02
8.058058058058057e-01 6.974539496106397e-02 6.982411402051440e-02
8.078078078078077e-01 6.928763667300181e-02 6.936562485518077e-02
8.098098098098099e-01 6.883383617510561e-02 6.891073908399176e-02
8.118118118118118e-01 6.838395441164928e-02 6.845942795895306e-02
8.138138138138138e-01 6.793795095683917e-02 6.801166287546341e-02
8.158158158158157e-01 6.749578406550488e-02 6.756741537499575e-02
8.178178178178179e-01 6.705741072764672e-02 6.712665714763502e-02
8.198198198198199e-01 6.662278672888750e-02 6.668936003447802e-02
8.218218218218218e-01 6.619186672281110e-02 6.625549602989805e-02
8.238238238238238e-01 6.576460430712444e-02 6.582503728368075e-02
8.258258258258258e-01 6.534095209935202e-02 6.539795610303326e-02
8.278278278278279e-01 6.492086183234584e-02 6.497422495447194e-02
8.298298298298299e-01 6.450428444098902e-02 6.455381646559233e-02
8.318318318318318e-01 6.409117016732244e-02 6.413670342672431e-02
8.338338338338338e-01 6.368146866322802e-02 6.372285879247770e-02
8.358358358358358e-01 6.327512910062151e-02 6.331225568318041e-02
8.378378378378379e-01 6.287210028484810e-02 6.290486738621369e-02
8.398398398398399e-01 6.247233077532823e-02 6.250066735724738e-02
8.418418418418419e-01 6.207576901262924e-02 6.209962922137855e-02
8.438438438438438e-01 6.168236343874930e-02 6.170172677417698e-02
8.458458458458458e-01 6.129206263033413e-02 6.130693398264033e-02
8.478478478478479e-01 6.090481543316084e-02 6.091522498606240e-02
8.498498498498499e-01 6.052057109588268e-02 6.052657409681739e-02
8.518518518518519e-01 6.013927940320482e-02 6.014095580106240e-02
8.538538538538538e-01 5.976089082060698e-02 5.975834475936224e-02
8.558558558558558e-01 5.938535662426815e-02 5.937871580723820e-02
8.578578578578580e-01 5.901262904318925e-02 5.900204395564396e-02
8.598598598598599e-01 5.864266139459954e-02 5.862830439137123e-02
8.618618618618619e-01 5.827540821743560e-02 5.825747247738721e-02
8.638638638638638e-01 5.791082540891472e-02 5.788952375310703e-02
8.658658658658658e-01 5.754887034404494e-02 5.752443393460285e-02
8.678678678678680e-01 5.718950201159125e-02 5.716217891475245e-02
8.698698698698699e-01 5.683268112716715e-02 5.680273476332928e-02
8.718718718718719e-01 5.647837024682788e-02 5.644607772703610e-02
8.738738738738738e-01 5.612653387923289e-02 5.609218422948454e-02
8.758758758758758e-01 5.577713858172141e-02 5.574103087112259e-02
8.778778778778780e-01 5.543015305514083e-02 5.539259442911187e-02
8.798798798798799e-01 5.508554822636325e-02 5.504685185715680e-02
8.818818818818819e-01 5.474329731675005e-02 5.470378028528730e-02
8.838838838838838e-01 5.440337591172911e-02 5.436335701959715e-02
8.858858858858858e-01 5.406576199720771e-02 5.402555954193962e-02
8.878878878878880e-01 5.373043601281875e-02 5.369036550958206e-02
8.898898898898899e-01 5.339738086648091e-02 5.335775275482130e-02
8.918918918918919e-01 5.306658194097779e-02 5.302769928456103e-02
8.938938938938938e-01 5.273802709411567e-02 5.270018327985346e-02
8.958958958958958e-01 5.241170663401607e-02 5.237518309540597e-02
8.978978978978980e-01 5.208761327991936e-02 5.205267725905489e-02
8.998998998998999e-01 5.176574210714167e-02 5.173264447120755e-02
9.019019019019019e-01 5.144609046985130e-02 5.141506360425371e-02
9.039039039039038e-01 5.112865791425218e-02 5.109991370194843e-02
9.059059059059058e-01 5.081344606036241e-02 5.078717397876693e-02
9.079079079079080e-01 5.050045847970794e-02 5.047682381923319e-02
9.099099099099099e-01 5.018970053368895e-02 5.016884277722339e-02
9.119119119119119e-01 4.988117921088250e-02 4.986321057524511e-02
9.139139139139139e-01 4.957490293781820e-02 4.955990710369394e-02
9.159159159159158e-01 4.927088135871619e-02 4.925891242008812e-02
9.179179179179180e-01 4.896912511892083e-02 4.896020674828262e-02
9.199199199199199e-01 4.866964560728081e-02 4.866377047766365e-02
9.219219219219219e-01 4.837245469240817e-02 4.836958416232425e-02
9.239239239239239e-01 4.807756442972615e-02 4.807762852022245e-02
9.259259259259258e-01 4.778498677137467e-02 4.778788443232278e-02
9.279279279279280e-01 4.749473323656365e-02 4.750033294172167e-02
9.299299299299300e-01 4.720681458684539e-02 4.721495525275837e-02
9.319319319319319e-01 4.692124047560860e-02 4.693173273011127e-02
9.339339339339339e-01 4.663801909177744e-02 4.665064689788152e-02
9.359359359359358e-01 4.635715679890668e-02 4.637167943866374e-02
9.379379379379380e-01 4.607865776061274e-02 4.609481219260537e-02
9.399399399399400e-01 4.580252357263057e-02 4.582002715645508e-02
9.419419419419419e-01 4.552875287939925e-02 4.554730648260068e-02
9.439439439439439e-01 4.525734102129454e-02 4.527663247809787e-02
9.459459459459461e-01 4.498827965596960e-02 4.500798760368993e-02
9.479479479479480e-01 4.472155642225140e-02 4.474135447281947e-02
9.499499499499500e-01 4.445715460876965e-02 4.447671585063215e-02
9.519519519519519e-01 4.419505284226398e-02 4.421405465297404e-02
9.539539539539539e-01 4.393522481846257e-02 4.395335394538211e-02
9.559559559559561e-01 4.367763905182783e-02 4.369459694206919e-02
9.579579579579580e-01 4.342225869182528e-02 4.343776700490364e-02
9.599599599599600e-01 4.316904136476579e-02 4.318284764238412e-02
9.619619619619619e-01 4.291793910116904e-02 4.292982250861029e-02
9.639639639639639e-01 4.266889831224217e-02 4.267867540224968e-02
9.659659659659661e-01 4.242185985971162e-02 4.242939026550126e-02
9.679679679679680e-01 4.217675922250148e-02 4.218195118305647e-02
9.699699699699700e-01 4.193352673099724e-02 4.193634238105721e-02
9.719719719719719e-01 4.169208796765882e-02 4.169254822605262e-02
9.739739739739739e-01 4.145236426801126e-02 4.145055322395375e-02
9.759759759759761e-01 4.121427335815310e-02 4.121034201898732e-02
9.779779779779780e-01 4.097773018017545e-02 4.097189939264863e-02
9.799799799799800e-01 4.074264786457575e-02 4.073521026265390e-02
9.819819819819819e-01 4.050893892527187e-02 4.050025968189265e-02
9.839839839839839e-01 4.027651665683672e-02 4.026703283738033e-02
9.859859859859861e-01 4.004529675879269e-02 4.003551504921134e-02
9.879879879879880e-01 3.981519923104112e-02 3.980569176951319e-02
9.899899899899900e-01 3.958615055194343e-02 3.957754858140146e-02
9.919919919919920e-01 3.935808614512629e-02 3.935107119793647e-02
9.939939939939939e-01 3.913095320036331e-02 3.912624546108163e-02
9.959959959959961e-01 3.890471383490697e-02 3.890305734066356e-02
9.979979979979980e-01 3.867934866677297e-02 3.868149293333478e-02
1.000000000000000e+00 3.845486079729326e-02 3.846153846153846e-02
