-1.000000000000000e+00 -3.846153846153846e-02 -3.846153846153846e-02
-9.979979979979980e-01 -3.615434538661443e-02 -3.868149293333478e-02
-9.959959959959960e-01 -3.419284724434852e-02 -3.890305734066357e-02
-9.939939939939940e-01 -3.254847714573771e-02 -3.912624546108161e-02
-9.919919919919920e-01 -3.119439016376638e-02 -3.935107119793647e-02
-9.899899899899900e-01 -3.010538337953957e-02 -3.957754858140146e-02
-9.879879879879880e-01 -2.925781887323772e-02 -3.980569176951319e-02
-9.859859859859860e-01 -2.862954957267281e-02 -4.003551504921135e-02
-9.839839839839840e-01 -2.819984787431162e-02 -4.026703283738031e-02
-9.819819819819819e-01 -2.794933695367911e-02 -4.050025968189265e-02
-9.799799799799800e-01 -2.785992468406479e-02 -4.073521026265390e-02
-9.779779779779780e-01 -2.791474008442102e-02 -4.097189939264863e-02
-9.759759759759760e-01 -2.809807221927491e-02 -4.121034201898733e-02
-9.739739739739740e-01 -2.839531147536637e-02 -4.145055322395374e-02
-9.719719719719719e-01 -2.879289314158043e-02 -4.169254822605262e-02
-9.699699699699700e-01 -2.927824322056090e-02 -4.193634238105721e-02
-9.679679679679680e-01 -2.983972640217367e-02 -4.218195118305647e-02
-9.659659659659660e-01 -3.046659613073621e-02 -4.242939026550129e-02
-9.639639639639640e-01 -3.114894669963968e-02 -4.267867540224966e-02
-9.619619619619619e-01 -3.187766730866985e-02 -4.292982250861029e-02
-9.599599599599600e-01 -3.264439802097389e-02 -4.318284764238412e-02
-9.579579579579579e-01 -3.344148755823265e-02 -4.343776700490365e-02
-9.559559559559559e-01 -3.426195287417343e-02 -4.369459694206920e-02
-9.539539539539540e-01 -3.509944044810490e-02 -4.395335394538210e-02
-9.519519519519519e-01 -3.594818924166807e-02 -4.421405465297404e-02
-9.499499499499500e-01 -3.680299526347958e-02 -4.447671585063215e-02
-9.479479479479479e-01 -3.765917768779597e-02 -4.474135447281947e-02
-9.459459459459459e-01 -3.851254647474667e-02 -4.500798760368995e-02
-9.439439439439440e-01 -3.935937144107760e-02 -4.527663247809786e-02
-9.419419419419419e-01 -4.019635273170674e-02 -4.554730648260068e-02
-9.399399399399400e-01 -4.102059264372875e-02 -4.582002715645508e-02
-9.379379379379379e-01 -4.182956875581018e-02 -4.609481219260537e-02
-9.359359359359359e-01 -4.262110831719315e-02 -4.637167943866372e-02
-9.339339339339340e-01 -4.339336385177779e-02 -4.665064689788150e-02
-9.319319319319319e-01 -4.414478993397470e-02 -4.693173273011127e-02
-9.299299299299300e-01 -4.487412109421682e-02 -4.721495525275837e-02
-9.279279279279279e-01 -4.558035081319110e-02 -4.750033294172168e-02
-9.259259259259259e-01 -4.626271156499411e-02 -4.778788443232275e-02
-9.239239239239239e-01 -4.692065587053872e-02 -4.807762852022245e-02
-9.219219219219219e-01 -4.755383832363124e-02 -4.836958416232425e-02
-9.199199199199199e-01 -4.816209855321311e-02 -4.866377047766365e-02
-9.179179179179179e-01 -4.874544508630597e-02 -4.896020674828263e-02
-9.159159159159159e-01 -4.930404007722494e-02 -4.925891242008808e-02
-9.139139139139139e-01 -4.983818486962554e-02 -4.955990710369394e-02
-9.119119119119119e-01 -5.034830635892755e-02 -4.986321057524511e-02
-9.099099099099099e-01 -5.083494412361697e-02 -5.016884277722339e-02
-9.079079079079079e-01 -5.129873829486022e-02 -5.047682381923319e-02
-9.059059059059059e-01 -5.174041813477893e-02 -5.078717397876691e-02
-9.039039039039038e-01 -5.216079129462566e-02 -5.109991370194843e-02
-9.019019019019019e-01 -5.256073372497171e-02 -5.141506360425371e-02
-8.998998998998999e-01 -5.294118021087035e-02 -5.173264447120755e-02
-8.978978978978979e-01 -5.330311550578910e-02 -5.205267725905491e-02
-8.958958958958959e-01 -5.364756603891697e-02 -5.237518309540595e-02
-8.938938938938938e-01 -5.397559217124517e-02 -5.270018327985346e-02
-8.918918918918919e-01 -5.428828097659250e-02 -5.302769928456103e-02
-8.898898898898899e-01 -5.458673952450336e-02 -5.335775275482130e-02
-8.878878878878879e-01 -5.487208864268134e-02 -5.369036550958207e-02
-8.858858858858859e-01 -5.514545713734213e-02 -5.402555954193961e-02
-8.838838838838838e-01 -5.540797645057034e-02 -5.436335701959715e-02
-8.818818818818819e-01 -5.566077573444897e-02 -5.470378028528730e-02
-8.798798798798799e-01 -5.590497732239883e-02 -5.504685185715680e-02
-8.778778778778779e-01 -5.614169257881513e-02 -5.539259442911188e-02
-8.758758758758759e-01 -5.637201810872416e-02 -5.574103087112257e-02
-8.738738738738738e-01 -5.659703230980156e-02 -5.609218422948454e-02
-8.718718718718719e-01 -5.681779224969676e-02 -5.644607772703610e-02
-8.698698698698699e-01 -5.703533085219655e-02 -5.680273476332928e-02
-8.678678678678678e-01 -5.725065437633370e-02 -5.716217891475246e-02
-8.658658658658659e-01 -5.746474017310410e-02 -5.752443393460284e-02
-8.638638638638638e-01 -5.767853470500103e-02 -5.788952375310703e-02
-8.618618618618619e-01 -5.789295181410312e-02 -5.825747247738721e-02
-8.598598598598599e-01 -5.810887122497014e-02 -5.862830439137123e-02
-8.578578578578578e-01 -5.832713726910117e-02 -5.900204395564397e-02
-8.558558558558559e-01 -5.854855781819998e-02 -5.937871580723818e-02
-8.538538538538538e-01 -5.877390341396733e-02 -5.975834475936224e-02
-8.518518518518519e-01 -5.900390658260304e-02 -6.014095580106240e-02
-8.498498498498499e-01 -5.923926132265146e-02 -6.052657409681739e-02
-8.478478478478478e-01 -5.948062275526132e-02 -6.091522498606243e-02
-8.458458458458459e-01 -5.972860692635787e-02 -6.130693398264029e-02
-8.438438438438438e-01 -5.998379075063877e-02 -6.170172677417698e-02
-8.418418418418419e-01 -6.024671208770821e-02 -6.209962922137855e-02
-8.398398398398399e-01 -6.051786994105528e-02 -6.250066735724738e-02
-8.378378378378378e-01 -6.079772477096237e-02 -6.290486738621369e-02
-8.358358358358359e-01 -6.108669891279946e-02 -6.331225568318039e-02
-8.338338338338338e-01 -6.138517709251856e-02 -6.372285879247770e-02
-8.318318318318318e-01 -6.169350703151110e-02 -6.413670342672431e-02
-8.298298298298299e-01 -6.201200013332946e-02 -6.455381646559233e-02
-8.278278278278278e-01 -6.234093224510186e-02 -6.497422495447196e-02
-8.258258258258259e-01 -6.268054448678850e-02 -6.539795610303323e-02
-8.238238238238238e-01 -6.303104414173603e-02 -6.582503728368075e-02
-8.218218218218218e-01 -6.339260560228666e-02 -6.625549602989805e-02
-8.198198198198199e-01 -6.376537136448920e-02 -6.668936003447802e-02
-8.178178178178178e-01 -6.414945306624084e-02 -6.712665714763506e-02
-8.158158158158157e-01 -6.454493256346089e-02 -6.756741537499575e-02
-8.138138138138138e-01 -6.495186303916309e-02 -6.801166287546341e-02
-8.118118118118118e-01 -6.537027014054814e-02 -6.845942795895306e-02
-8.098098098098099e-01 -6.580015313948616e-02 -6.891073908399176e-02
-8.078078078078078e-01 -6.624148611199940e-02 -6.936562485518073e-02
-8.058058058058057e-01 -6.669421913258644e-02 -6.982411402051440e-02
-8.038038038038038e-01 -6.715827947945480e-02 -7.028623546855191e-02
-8.018018018018018e-01 -6.763357284694511e-02 -7.075201822543660e-02
-7.997997997997998e-01 -6.811998456164017e-02 -7.122149145175824e-02
-7.977977977977978e-01 -6.861738079885449e-02 -7.169468443925336e-02
-7.957957957957957e-01 -6.912560979639684e-02 -7.217162660733895e-02
-7.937937937937938e-01 -6.964450306268558e-02 -7.265234749947347e-02
-7.917917917917918e-01 -7.017387657648072e-02 -7.313687677934098e-02
-7.897897897897898e-01 -7.071353197567133e-02 -7.362524422685221e-02
-7.877877877877878e-01 -7.126325773272731e-02 -7.411747973395692e-02
-7.857857857857857e-01 -7.182283031458807e-02 -7.461361330026282e-02
-7.837837837837838e-01 -7.239201532491774e-02 -7.511367502845391e-02
-7.817817817817818e-01 -7.297056862680906e-02 -7.561769511950343e-02
-7.797797797797797e-01 -7.355823744416320e-02 -7.612570386767457e-02
-7.777777777777778e-01 -7.415476144011414e-02 -7.663773165530290e-02
-7.757757757757757e-01 -7.475987377100102e-02 -7.715380894735456e-02
-7.737737737737738e-01 -7.537330211452127e-02 -7.767396628575270e-02
-7.717717717717718e-01 -7.599476967082290e-02 -7.819823428346670e-02
-7.697697697697697e-01 -7.662399613541312e-02 -7.872664361835646e-02
-7.677677677677678e-01 -7.726069864287580e-02 -7.925922502676477e-02
-7.657657657657657e-01 -7.790459268050064e-02 -7.979600929685152e-02
-7.637637637637638e-01 -7.855539297103115e-02 -8.033702726166125e-02
-7.617617617617618e-01 -7.921281432384132e-02 -8.088230979191764e-02
-7.597597597597597e-01 -7.987657245394572e-02 -8.143188778853666e-02
-7.577577577577578e-01 -8.054638476834096e-02 -8.198579217485082e-02
-7.557557557557557e-01 -8.122197111926514e-02 -8.254405388853693e-02
-7.537537537537538e-01 -8.190305452404434e-02 -8.310670387323864e-02
-7.517517517517518e-01 -8.258936185127773e-02 -8.367377306987622e-02
-7.497497497497497e-01 -8.328062447318739e-02 -8.424529240763472e-02
-7.477477477477478e-01 -8.397657888403252e-02 -8.482129279462187e-02
-7.457457457457457e-01 -8.467696728455745e-02 -8.540180510818786e-02
-7.437437437437437e-01 -8.538153813250685e-02 -8.598686018489657e-02
-7.417417417417418e-01 -8.609004665930596e-02 -8.657648881014099e-02
-7.397397397397397e-01 -8.680225535306071e-02 -8.717072170739222e-02
-7.377377377377378e-01 -8.751793440808966e-02 -8.776958952707327e-02
-7.357357357357357e-01 -8.823686214125216e-02 -8.837312283504836e-02
-7.337337337337337e-01 -8.895882537538616e-02 -8.898135210071725e-02
-7.317317317317318e-01 -8.968361979021723e-02 -8.959430768470585e-02
-7.297297297297297e-01 -9.041105024114281e-02 -9.021201982614199e-02
-7.277277277277276e-01 -9.114093104633811e-02 -9.083451862950691e-02
-7.257257257257257e-01 -9.187308624266843e-02 -9.146183405105206e-02
-7.237237237237237e-01 -9.260734981092848e-02 -9.209399588477056e-02
-7.217217217217218e-01 -9.334356587096282e-02 -9.273103374791271e-02
-7.197197197197197e-01 -9.408158884725330e-02 -9.337297706603516e-02
-7.177177177177176e-01 -9.482128360558753e-02 -9.401985505757217e-02
-7.157157157157157e-01 -9.556252556144974e-02 -9.467169671791875e-02
-7.137137137137137e-01 -9.630520076079935e-02 -9.532853080301407e-02
-7.117117117117118e-01 -9.704920593392494e-02 -9.599038581241366e-02
-7.097097097097097e-01 -9.779444852308224e-02 -9.665728997183957e-02
-7.077077077077076e-01 -9.854084668464244e-02 -9.732927121519627e-02
-7.057057057057057e-01 -9.928832926649452e-02 -9.800635716604146e-02
-7.037037037037037e-01 -1.000368357614592e-01 -9.868857511849954e-02
-7.017017017017018e-01 -1.007863162374855e-01 -9.937595201760575e-02
-6.996996996996997e-01 -1.015367312454125e-01 -1.000685144390699e-01
-6.976976976976976e-01 -1.022880517050883e-01 -1.007662885684464e-01
-6.956956956956957e-01 -1.030402587706456e-01 -1.014693001797002e-01
-6.936936936936937e-01 -1.037933436757427e-01 -1.021775746131553e-01
-6.916916916916918e-01 -1.045473075595796e-01 -1.028911367528137e-01
-6.896896896896897e-01 -1.053021612745076e-01 -1.036100110030336e-01
-6.876876876876876e-01 -1.060579251760484e-01 -1.043342212645535e-01
-6.856856856856857e-01 -1.068146288961458e-01 -1.050637909098512e-01
-6.836836836836837e-01 -1.075723111004669e-01 -1.057987427578240e-01
-6.816816816816818e-01 -1.083310192305738e-01 -1.065390990477798e-01
-6.796796796796797e-01 -1.090908092317817e-01 -1.072848814127250e-01
-6.776776776776776e-01 -1.098517452675168e-01 -1.080361108519391e-01
-6.756756756756757e-01 -1.106138994209842e-01 -1.087928077028220e-01
-6.736736736736737e-01 -1.113773513849492e-01 -1.095549916120047e-01
-6.716716716716717e-01 -1.121421881404304e-01 -1.103226815057085e-01
-6.696696696696697e-01 -1.129085036250956e-01 -1.110958955593437e-01
-6.676676676676676e-01 -1.136763983921438e-01 -1.118746511663353e-01
-6.656656656656657e-01 -1.144459792604491e-01 -1.126589649061641e-01
-6.636636636636637e-01 -1.152173589567298e-01 -1.134488525116132e-01
-6.616616616616617e-01 -1.159906557505011e-01 -1.142443288352079e-01
-6.596596596596597e-01 -1.167659930825538e-01 -1.150454078148392e-01
-6.576576576576576e-01 -1.175434991876943e-01 -1.158521024385605e-01
-6.556556556556556e-01 -1.183233067124667e-01 -1.166644247085481e-01
-6.536536536536537e-01 -1.191055523285671e-01 -1.174823856042142e-01
-6.516516516516517e-01 -1.198903763426463e-01 -1.183059950444660e-01
-6.496496496496497e-01 -1.206779223031841e-01 -1.191352618490999e-01
-6.476476476476476e-01 -1.214683366051039e-01 -1.199701936993231e-01
-6.456456456456456e-01 -1.222617680927848e-01 -1.208107970973960e-01
-6.436436436436437e-01 -1.230583676621083e-01 -1.216570773253867e-01
-6.416416416416417e-01 -1.238582878621690e-01 -1.225090384030319e-01
-6.396396396396397e-01 -1.246616824972560e-01 -1.233666830446982e-01
-6.376376376376376e-01 -1.254687062297027e-01 -1.242300126154381e-01
-6.356356356356356e-01 -1.262795141841817e-01 -1.250990270861365e-01
-6.336336336336337e-01 -1.270942615540091e-01 -1.259737249877443e-01
-6.316316316316316e-01 -1.279131032100043e-01 -1.268541033645950e-01
-6.296296296296297e-01 -1.287361933124343e-01 -1.277401577268039e-01
-6.276276276276276e-01 -1.295636849265593e-01 -1.286318820017471e-01
-6.256256256256256e-01 -1.303957296422715e-01 -1.295292684846218e-01
-6.236236236236237e-01 -1.312324771983119e-01 -1.304323077880874e-01
-6.216216216216216e-01 -1.320740751115249e-01 -1.313409887909904e-01
-6.196196196196196e-01 -1.329206683115977e-01 -1.322552985861762e-01
-6.176176176176176e-01 -1.337723987817139e-01 -1.331752224273919e-01
-6.156156156156156e-01 -1.346294052055315e-01 -1.341007436752860e-01
-6.136136136136137e-01 -1.354918226208827e-01 -1.350318437425127e-01
-6.116116116116116e-01 -1.363597820805699e-01 -1.359685020379484e-01
-6.096096096096096e-01 -1.372334103206208e-01 -1.369106959100315e-01
-6.076076076076076e-01 -1.381128294363456e-01 -1.378584005892365e-01
-6.056056056056056e-01 -1.389981565665216e-01 -1.388115891296957e-01
-6.036036036036037e-01 -1.398895035860171e-01 -1.397702323499846e-01
-6.016016016016016e-01 -1.407869768071451e-01 -1.407342987730867e-01
-5.995995995995995e-01 -1.416906766900243e-01 -1.417037545655567e-01
-5.975975975975976e-01 -1.426006975622071e-01 -1.426785634759039e-01
-5.955955955955956e-01 -1.435171273478171e-01 -1.436586867722170e-01
-5.935935935935936e-01 -1.444400473064231e-01 -1.446440831790568e-01
-5.915915915915916e-01 -1.453695317818605e-01 -1.456347088136431e-01
-5.895895895895895e-01 -1.463056479611945e-01 -1.466305171213646e-01
-5.875875875875876e-01 -1.472484556440045e-01 -1.476314588106461e-01
-5.855855855855856e-01 -1.481980070221529e-01 -1.486374817872048e-01
-5.835835835835836e-01 -1.491543464701853e-01 -1.496485310877333e-01
-5.815815815815816e-01 -1.501175103464968e-01 -1.506645488130502e-01
-5.795795795795795e-01 -1.510875268053797e-01 -1.516854740607584e-01
-5.775775775775776e-01 -1.520644156200578e-01 -1.527112428574580e-01
-5.755755755755756e-01 -1.530481880167950e-01 -1.537417880905611e-01
-5.735735735735736e-01 -1.540388465201514e-01 -1.547770394397594e-01
-5.715715715715716e-01 -1.550363848094492e-01 -1.558169233081987e-01
-5.695695695695695e-01 -1.560407875864928e-01 -1.568613627534177e-01
-5.675675675675675e-01 -1.570520304545774e-01 -1.579102774181117e-01
-5.655655655655656e-01 -1.580700798088058e-01 -1.589635834607847e-01
-5.635635635635636e-01 -1.590948927377194e-01 -1.600211934863568e-01
-5.615615615615616e-01 -1.601264169362381e-01 -1.610830164767981e-01
-5.595595595595595e-01 -1.611645906298902e-01 -1.621489577218627e-01
-5.575575575575575e-01 -1.622093425103036e-01 -1.632189187500014e-01
-5.555555555555556e-01 -1.632605916819138e-01 -1.642927972595330e-01
-5.535535535535536e-01 -1.643182476198370e-01 -1.653704870501610e-01
-5.515515515515516e-01 -1.653822101388418e-01 -1.664518779549234e-01
-5.495495495495495e-01 -1.664523693733449e-01 -1.675368557726684e-01
-5.475475475475475e-01 -1.675286057683442e-01 -1.686253022011532e-01
-5.455455455455456e-01 -1.686107900811917e-01 -1.697170947708664e-01
-5.435435435435436e-01 -1.696987833941007e-01 -1.708121067796763e-01
-5.415415415415415e-01 -1.707924371372700e-01 -1.719102072284166e-01
-5.395395395395395e-01 -1.718915931224999e-01 -1.730112607575195e-01
-5.375375375375375e-01 -1.729960835871644e-01 -1.741151275848120e-01
-5.355355355355356e-01 -1.741057312483977e-01 -1.752216634445986e-01
-5.335335335335336e-01 -1.752203493673413e-01 -1.763307195281499e-01
-5.315315315315315e-01 -1.763397418232917e-01 -1.774421424257294e-01
-5.295295295295295e-01 -1.774637031975823e-01 -1.785557740702867e-01
-5.275275275275275e-01 -1.785920188670228e-01 -1.796714516829560e-01
-5.255255255255256e-01 -1.797244651067136e-01 -1.807890077204962e-01
-5.235235235235236e-01 -1.808608092020462e-01 -1.819082698248176e-01
-5.215215215215215e-01 -1.820008095696935e-01 -1.830290607747413e-01
-5.195195195195195e-01 -1.831442158873874e-01 -1.841511984401407e-01
-5.175175175175175e-01 -1.842907692322762e-01 -1.852744957386192e-01
-5.155155155155156e-01 -1.854402022276473e-01 -1.863987605948813e-01
-5.135135135135135e-01 -1.865922391977963e-01 -1.875237959029544e-01
-5.115115115115115e-01 -1.877465963308183e-01 -1.886493994914269e-01
-5.095095095095095e-01 -1.889029818490933e-01 -1.897753640918656e-01
-5.075075075075075e-01 -1.900610961872304e-01 -1.909014773105805e-01
-5.055055055055055e-01 -1.912206321772356e-01 -1.920275216039087e-01
-5.035035035035035e-01 -1.923812752406608e-01 -1.931532742571868e-01
-5.015015015015015e-01 -1.935427035874885e-01 -1.942785073675873e-01
-4.994994994994995e-01 -1.947045884215058e-01 -1.954029878309938e-01
-4.974974974974975e-01 -1.958665941519152e-01 -1.965264773330915e-01
-4.954954954954955e-01 -1.970283786109285e-01 -1.976487323448500e-01
-4.934934934934935e-01 -1.981895932770889e-01 -1.987695041225761e-01
-4.914914914914915e-01 -1.993498835040611e-01 -1.998885387127149e-01
-4.894894894894894e-01 -2.005088887546300e-01 -2.010055769615766e-01
-4.874874874874875e-01 -2.016662428396469e-01 -2.021203545301654e-01
-4.854854854854855e-01 -2.028215741616582e-01 -2.032326019142872e-01
-4.834834834834835e-01 -2.039745059629542e-01 -2.043420444701104e-01
-4.814814814814815e-01 -2.051246565777708e-01 -2.054484024453498e-01
-4.794794794794794e-01 -2.062716396883806e-01 -2.065513910162478e-01
-4.774774774774775e-01 -2.074150645848045e-01 -2.076507203305148e-01
-4.754754754754755e-01 -2.085545364278807e-01 -2.087460955563950e-01
-4.734734734734735e-01 -2.096896565154225e-01 -2.098372169380161e-01
-4.714714714714715e-01 -2.108200225511990e-01 -2.109237798571756e-01
-4.694694694694694e-01 -2.119452289164770e-01 -2.120054749017158e-01
-4.674674674674675e-01 -2.130648669438541e-01 -2.130819879406279e-01
-4.654654654654654e-01 -2.141785251931252e-01 -2.141530002060235e-01
-4.634634634634635e-01 -2.152857897289157e-01 -2.152181883821031e-01
-4.614614614614615e-01 -2.163862443998243e-01 -2.162772247012434e-01
-4.594594594594594e-01 -2.174794711188130e-01 -2.173297770473168e-01
-4.574574574574575e-01 -2.185650501445900e-01 -2.183755090663478e-01
-4.554554554554554e-01 -2.196425603637287e-01 -2.194140802846021e-01
-4.534534534534534e-01 -2.207115795732691e-01 -2.204451462341913e-01
-4.514514514514515e-01 -2.217716847635532e-01 -2.214683585862687e-01
-4.494494494494494e-01 -2.228224524010441e-01 -2.224833652918769e-01
-4.474474474474475e-01 -2.238634587108851e-01 -2.234898107304970e-01
-4.454454454454454e-01 -2.248942799589552e-01 -2.244873358663368e-01
-4.434434434434434e-01 -2.259144927331825e-01 -2.254755784123804e-01
-4.414414414414415e-01 -2.269236742238796e-01 -2.264541730022086e-01
-4.394394394394394e-01 -2.279214025028669e-01 -2.274227513695835e-01
-4.374374374374375e-01 -2.289072568011564e-01 -2.283809425357769e-01
-4.354354354354354e-01 -2.298808177849692e-01 -2.293283730046045e-01
-4.334334334334334e-01 -2.308416678298655e-01 -2.302646669651119e-01
-4.314314314314315e-01 -2.317893912927700e-01 -2.311894465018420e-01
-4.294294294294294e-01 -2.327235747816769e-01 -2.321023318125956e-01
-4.274274274274275e-01 -2.336438074228278e-01 -2.330029414335769e-01
-4.254254254254254e-01 -2.345496811251549e-01 -2.338908924718019e-01
-4.234234234234234e-01 -2.354407908417903e-01 -2.347658008446238e-01
-4.214214214214215e-01 -2.363167348284434e-01 -2.356272815262137e-01
-4.194194194194194e-01 -2.371771148984575e-01 -2.364749488008149e-01
-4.174174174174174e-01 -2.380215366743547e-01 -2.373084165225672e-01
-4.154154154154154e-01 -2.388496098356912e-01 -2.381272983816837e-01
-4.134134134134134e-01 -2.396609483630417e-01 -2.389312081767342e-01
-4.114114114114115e-01 -2.404551707779439e-01 -2.397197600927782e-01
-4.094094094094094e-01 -2.412319003786338e-01 -2.404925689850636e-01
-4.074074074074074e-01 -2.419907654714097e-01 -2.412492506679919e-01
-4.054054054054054e-01 -2.427313995974695e-01 -2.419894222090296e-01
-4.034034034034034e-01 -2.434534417550672e-01 -2.427127022272245e-01
-4.014014014014013e-01 -2.441565366168442e-01 -2.434187111959703e-01
-3.993993993993994e-01 -2.448403347421929e-01 -2.441070717496391e-01
-3.973973973973974e-01 -2.455044927845174e-01 -2.447774089936886e-01
-3.953953953953954e-01 -2.461486736932613e-01 -2.454293508178284e-01
-3.933933933933934e-01 -2.467725469105765e-01 -2.460625282118159e-01
-3.913913913913913e-01 -2.473757885625158e-01 -2.466765755834330e-01
-3.893893893893894e-01 -2.479580816446324e-01 -2.472711310781825e-01
-3.873873873873874e-01 -2.485191162018818e-01 -2.478458369002253e-01
-3.853853853853854e-01 -2.490585895027201e-01 -2.484003396340662e-01
-3.833833833833834e-01 -2.495762062073032e-01 -2.489342905664849e-01
-3.813813813813813e-01 -2.500716785296955e-01 -2.494473460081948e-01
-3.793793793793794e-01 -2.505447263940011e-01 -2.499391676147022e-01
-3.773773773773774e-01 -2.509950775843388e-01 -2.504094227058294e-01
-3.753753753753754e-01 -2.514224678885849e-01 -2.508577845833567e-01
-3.733733733733734e-01 -2.518266412358145e-01 -2.512839328462304e-01
-3.713713713713713e-01 -2.522073498273800e-01 -2.516875537027806e-01
-3.693693693693694e-01 -2.525643542615659e-01 -2.520683402793853e-01
-3.673673673673674e-01 -2.528974236517695e-01 -2.524259929250187e-01
-3.653653653653653e-01 -2.532063357381606e-01 -2.527602195111159e-01
-3.633633633633634e-01 -2.534908769927777e-01 -2.530707357261913e-01
-3.613613613613613e-01 -2.537508427180262e-01 -2.533572653646462e-01
-3.593593593593594e-01 -2.539860371385478e-01 -2.536195406092085e-01
-3.573573573573574e-01 -2.541962734864359e-01 -2.538573023064485e-01
-3.553553553553553e-01 -2.543813740797772e-01 -2.540703002348269e-01
-3.533533533533534e-01 -2.545411703945069e-01 -2.542582933647346e-01
-3.513513513513513e-01 -2.546755031295663e-01 -2.544210501099999e-01
-3.493493493493494e-01 -2.547842222653613e-01 -2.545583485703442e-01
-3.473473473473474e-01 -2.548671871155210e-01 -2.546699767642887e-01
-3.453453453453453e-01 -2.549242663719663e-01 -2.547557328520220e-01
-3.433433433433434e-01 -2.549553381432965e-01 -2.548154253477621e-01
-3.413413413413413e-01 -2.549602899865140e-01 -2.548488733211609e-01
-3.393393393393394e-01 -2.549390189321067e-01 -2.548559065873203e-01
-3.373373373373373e-01 -2.548914315025160e-01 -2.548363658850110e-01
-3.353353353353353e-01 -2.548174437240209e-01 -2.547901030427072e-01
-3.333333333333334e-01 -2.547169811320755e-01 -2.547169811320755e-01
-3.313313313313313e-01 -2.545899787701401e-01 -2.546168746085794e-01
-3.293293293293293e-01 -2.544363811820515e-01 -2.544896694388921e-01
-3.273273273273273e-01 -2.542561423979834e-01 -2.543352632148321e-01
-3.253253253253253e-01 -2.540492259140500e-01 -2.541535652535690e-01
-3.233233233233234e-01 -2.538156046656129e-01 -2.539444966838760e-01
-3.213213213213213e-01 -2.535552609943542e-01 -2.537079905182334e-01
-3.193193193193193e-01 -2.532681866091833e-01 -2.534439917106218e-01
-3.173173173173173e-01 -2.529543825410480e-01 -2.531524571998731e-01
-3.153153153153153e-01 -2.526138590917273e-01 -2.528333559384802e-01
-3.133133133133134e-01 -2.522466357766834e-01 -2.524866689068000e-01
-3.113113113113113e-01 -2.518527412620571e-01 -2.521123891126142e-01
-3.093093093093093e-01 -2.514322132958946e-01 -2.517105215760487e-01
-3.073073073073073e-01 -2.509850986336939e-01 -2.512810832998819e-01
-3.053053053053053e-01 -2.505114529583685e-01 -2.508241032253086e-01
-3.033033033033034e-01 -2.500113407947221e-01 -2.503396221732549e-01
-3.013013013013013e-01 -2.494848354185394e-01 -2.498276927713748e-01
-2.992992992992993e-01 -2.489320187603942e-01 -2.492883793668889e-01
-2.972972972972973e-01 -2.483529813042837e-01 -2.487217579254580e-01
-2.952952952952953e-01 -2.477478219811996e-01 -2.481279159163142e-01
-2.932932932932933e-01 -2.471166480577481e-01 -2.475069521839020e-01
-2.912912912912913e-01 -2.464595750199373e-01 -2.468589768063103e-01
-2.892892892892893e-01 -2.457767264522486e-01 -2.461841109408055e-01
-2.872872872872873e-01 -2.450682339121149e-01 -2.454824866567991e-01
-2.852852852852853e-01 -2.443342367999306e-01 -2.447542467566140e-01
-2.832832832832833e-01 -2.435748822247173e-01 -2.439995445844332e-01
-2.812812812812813e-01 -2.427903248655769e-01 -2.432185438238397e-01
-2.792792792792793e-01 -2.419807268290609e-01 -2.424114182843786e-01
-2.772772772772772e-01 -2.411462575025900e-01 -2.415783516775909e-01
-2.752752752752753e-01 -2.402870934040595e-01 -2.407195373829887e-01
-2.732732732732732e-01 -2.394034180277648e-01 -2.398351782044571e-01
-2.712712712712713e-01 -2.384954216867899e-01 -2.389254861175855e-01
-2.692692692692693e-01 -2.375633013519942e-01 -2.379906820084424e-01
-2.672672672672672e-01 -2.366072604877433e-01 -2.370309954043228e-01
-2.652652652652653e-01 -2.356275088845248e-01 -2.360466641970057e-01
-2.632632632632632e-01 -2.346242624885938e-01 -2.350379343590694e-01
-2.612612612612613e-01 -2.335977432287949e-01 -2.340050596538186e-01
-2.592592592592593e-01 -2.325481788407050e-01 -2.329483013393839e-01
-2.572572572572572e-01 -2.314758026882471e-01 -2.318679278675573e-01
-2.552552552552553e-01 -2.303808535829222e-01 -2.307642145779311e-01
-2.532532532532532e-01 -2.292635756008080e-01 -2.296374433879046e-01
-2.512512512512513e-01 -2.281242178974762e-01 -2.284879024791282e-01
-2.492492492492493e-01 -2.269630345209761e-01 -2.273158859809458e-01
-2.472472472472472e-01 -2.257802842230378e-01 -2.261216936513960e-01
-2.452452452452453e-01 -2.245762302686444e-01 -2.249056305563279e-01
-2.432432432432432e-01 -2.233511402441252e-01 -2.236680067471761e-01
-2.412412412412412e-01 -2.221052858639209e-01 -2.224091369379383e-01
-2.392392392392393e-01 -2.208389427761726e-01 -2.211293401818810e-01
-2.372372372372372e-01 -2.195523903672852e-01 -2.198289395484975e-01
-2.352352352352353e-01 -2.182459115656166e-01 -2.185082618012228e-01
-2.332332332332332e-01 -2.169197926444437e-01 -2.171676370764007e-01
-2.312312312312312e-01 -2.155743230243546e-01 -2.158073985639865e-01
-2.292292292292293e-01 -2.142097950752172e-01 -2.144278821904480e-01
-2.272272272272272e-01 -2.128265039178733e-01 -2.130294263043203e-01
-2.252252252252253e-01 -2.114247472257067e-01 -2.116123713648446e-01
-2.232232232232232e-01 -2.100048250262320e-01 -2.101770596341110e-01
-2.212212212212212e-01 -2.085670395028522e-01 -2.087238348731048e-01
-2.192192192192193e-01 -2.071116947969291e-01 -2.072530420420377e-01
-2.172172172172172e-01 -2.056390968103115e-01 -2.057650270053268e-01
-2.152152152152152e-01 -2.041495530084657e-01 -2.042601362415663e-01
-2.132132132132132e-01 -2.026433722243481e-01 -2.027387165588154e-01
-2.112112112112112e-01 -2.011208644631622e-01 -2.012011148155091e-01
-2.092092092092092e-01 -1.995823407081382e-01 -1.996476776472758e-01
-2.072072072072072e-01 -1.980281127274742e-01 -1.980787511999296e-01
-2.052052052052052e-01 -1.964584928825716e-01 -1.964946808688799e-01
-2.032032032032032e-01 -1.948737939377036e-01 -1.948958110451884e-01
-2.012012012012012e-01 -1.932743288712457e-01 -1.932824848684765e-01
-1.991991991991992e-01 -1.916604106885989e-01 -1.916550439868722e-01
-1.971971971971972e-01 -1.900323522369371e-01 -1.900138283241632e-01
-1.951951951951952e-01 -1.883904660219010e-01 -1.883591758543049e-01
-1.931931931931932e-01 -1.867350640263660e-01 -1.866914223834131e-01
-1.911911911911912e-01 -1.850664575314057e-01 -1.850109013393547e-01
-1.891891891891891e-01 -1.833849569395699e-01 -1.833179435690259e-01
-1.871871871871872e-01 -1.816908716005955e-01 -1.816128771433997e-01
-1.851851851851852e-01 -1.799845096396657e-01 -1.798960271703963e-01
-1.831831831831832e-01 -1.782661777883296e-01 -1.781677156156235e-01
-1.811811811811812e-01 -1.765361812181937e-01 -1.764282611310115e-01
-1.791791791791791e-01 -1.747948233774905e-01 -1.746779788913533e-01
-1.771771771771772e-01 -1.730424058306329e-01 -1.729171804387493e-01
-1.751751751751752e-01 -1.712792281008525e-01 -1.711461735349361e-01
-1.731731731731732e-01 -1.695055875160251e-01 -1.693652620214705e-01
-1.711711711711712e-01 -1.677217790577781e-01 -1.675747456877232e-01
-1.691691691691691e-01 -1.659280952139734e-01 -1.657749201466264e-01
-1.671671671671672e-01 -1.641248258346592e-01 -1.639660767181088e-01
-1.651651651651652e-01 -1.623122579915744e-01 -1.621485023201361e-01
-1.631631631631631e-01 -1.604906758412963e-01 -1.603224793672715e-01
-1.611611611611612e-01 -1.586603604921086e-01 -1.584882856766560e-01
-1.591591591591591e-01 -1.568215898746708e-01 -1.566461943812989e-01
-1.571571571571572e-01 -1.549746386165650e-01 -1.547964738505677e-01
-1.551551551551551e-01 -1.531197779207922e-01 -1.529393876177478e-01
-1.531531531531531e-01 -1.512572754482867e-01 -1.510751943145468e-01
-1.511511511511512e-01 -1.493873952045167e-01 -1.492041476124022e-01
-1.491491491491491e-01 -1.475103974302325e-01 -1.473264961704533e-01
-1.471471471471472e-01 -1.456265384964222e-01 -1.454424835900275e-01
-1.451451451451451e-01 -1.437360708035314e-01 -1.435523483754874e-01
-1.431431431431431e-01 -1.418392426850011e-01 -1.416563239012870e-01
-1.411411411411412e-01 -1.399362983151698e-01 -1.397546383850701e-01
-1.391391391391391e-01 -1.380274776215913e-01 -1.378475148666550e-01
-1.371371371371372e-01 -1.361130162018072e-01 -1.359351711927356e-01
-1.351351351351351e-01 -1.341931452446135e-01 -1.340178200071331e-01
-1.331331331331331e-01 -1.322680914558609e-01 -1.320956687464304e-01
-1.311311311311312e-01 -1.303380769888171e-01 -1.301689196408191e-01
-1.291291291291291e-01 -1.284033193791235e-01 -1.282377697199876e-01
-1.271271271271271e-01 -1.264640314843705e-01 -1.263024108238836e-01
-1.251251251251251e-01 -1.245204214283133e-01 -1.243630296181758e-01
-1.231231231231231e-01 -1.225726925497496e-01 -1.224198076142508e-01
-1.211211211211212e-01 -1.206210433560702e-01 -1.204729211935720e-01
-1.191191191191191e-01 -1.186656674814995e-01 -1.185225416362368e-01
-1.171171171171171e-01 -1.167067536500311e-01 -1.165688351535650e-01
-1.151151151151151e-01 -1.147444856430630e-01 -1.146119629245543e-01
-1.131131131131131e-01 -1.127790422717383e-01 -1.126520811360433e-01
-1.111111111111112e-01 -1.108105973539843e-01 -1.106893410264197e-01
-1.091091091091091e-01 -1.088393196962485e-01 -1.087238889327213e-01
-1.071071071071071e-01 -1.068653730799222e-01 -1.067558663409730e-01
-1.051051051051051e-01 -1.048889162524380e-01 -1.047854099396096e-01
-1.031031031031031e-01 -1.029101029230292e-01 -1.028126516758396e-01
-1.011011011011012e-01 -1.009290817631285e-01 -1.008377188148016e-01
-9.909909909909909e-02 -9.894599641138810e-02 -9.886073400137707e-02
-9.709709709709713e-02 -9.696098548329303e-02 -9.688181532452017e-02
-9.509509509509506e-02 -9.497418258534009e-02 -9.490107638397077e-02
-9.309309309309310e-02 -9.298571633375220e-02 -9.291862635922420e-02
-9.109109109109104e-02 -9.099571037769030e-02 -9.093457008062855e-02
-8.908908908908908e-02 -8.900428342692862e-02 -8.894900810249150e-02
-8.708708708708712e-02 -8.701154928394748e-02 -8.696203677807561e-02
-8.508508508508505e-02 -8.501761688040407e-02 -8.497374833637167e-02
-8.308308308308310e-02 -8.302259031793080e-02 -8.298423096053877e-02
-8.108108108108103e-02 -8.102656891321133e-02 -8.099356886790537e-02
-7.907907907907907e-02 -7.902964724728265e-02 -7.900184239143236e-02
-7.707707707707712e-02 -7.703191521900420e-02 -7.700912806253740e-02
-7.507507507507505e-02 -7.503345810263755e-02 -7.501549869519049e-02
-7.307307307307309e-02 -7.303435660947373e-02 -7.302102347118999e-02
-7.107107107107102e-02 -7.103468695344162e-02 -7.102576802653322e-02
-6.906906906906907e-02 -6.903452092063402e-02 -6.902979453880272e-02
-6.706706706706711e-02 -6.703392594267565e-02 -6.703316181548781e-02
-6.506506506506504e-02 -6.503296517386613e-02 -6.503592538317045e-02
-6.306306306306309e-02 -6.303169757201851e-02 -6.303813757750480e-02
-6.106106106106102e-02 -6.103017798291559e-02 -6.103984763392312e-02
-5.905905905905906e-02 -5.902845722830653e-02 -5.904110177900837e-02
-5.705705705705710e-02 -5.702658219735696e-02 -5.704194332247189e-02
-5.505505505505504e-02 -5.502459594147086e-02 -5.504241274968263e-02
-5.305305305305308e-02 -5.302253777239483e-02 -5.304254781469599e-02
-5.105105105105101e-02 -5.102044336351482e-02 -5.104238363373154e-02
-4.904904904904905e-02 -4.901834485425469e-02 -4.904195277905776e-02
-4.704704704704710e-02 -4.701627095748193e-02 -4.704128537323758e-02
-4.504504504504503e-02 -4.501424706982408e-02 -4.504040918369855e-02
-4.304304304304307e-02 -4.301229538479950e-02 -4.303934971759010e-02
-4.104104104104100e-02 -4.101043500865944e-02 -4.103813031689306e-02
-3.903903903903905e-02 -3.900868207884397e-02 -3.903677225375356e-02
-3.703703703703709e-02 -3.700704988494410e-02 -3.703529482600962e-02
-3.503503503503502e-02 -3.500554899206802e-02 -3.503371545288736e-02
-3.303303303303307e-02 -3.300418736650330e-02 -3.303204977084254e-02
-3.103103103103100e-02 -3.100297050356582e-02 -3.103031172952494e-02
-2.902902902902904e-02 -2.900190155752883e-02 -2.902851368784957e-02
-2.702702702702697e-02 -2.700098147351567e-02 -2.702666651015422e-02
-2.502502502502502e-02 -2.500020912125099e-02 -2.502477966243195e-02
-2.302302302302306e-02 -2.299958143054793e-02 -2.302286130862180e-02
-2.102102102102099e-02 -2.099909352842386e-02 -2.102091840694916e-02
-1.901901901901903e-02 -1.899873887772601e-02 -1.901895680630445e-02
-1.701701701701697e-02 -1.699850941714628e-02 -1.701698134265094e-02
-1.501501501501501e-02 -1.499839570251546e-02 -1.501499593545695e-02
-1.301301301301305e-02 -1.299838704924862e-02 -1.301300368414355e-02
-1.101101101101098e-02 -1.099847167582999e-02 -1.101100696454556e-02
-9.009009009009028e-03 -8.998636848212628e-03 -9.009007525380953e-03
-7.007007007006960e-03 -6.998869025012174e-03 -7.007006584724793e-03
-5.005005005005003e-03 -4.999154003375967e-03 -5.005004926488205e-03
-3.003003003003046e-03 -2.999477065403129e-03 -3.003002996897580e-03
-1.001001001000978e-03 -9.998231249938143e-04 -1.001001000975853e-03
1.001001001001089e-03 9.998231249940118e-04 1.001001000975964e-03
3.003003003003046e-03 2.999477065403203e-03 3.003002996897580e-03
5.005005005005003e-03 4.999154003376018e-03 5.005004926488205e-03
7.007007007006960e-03 6.998869025012189e-03 7.007006584724793e-03
9.009009009008917e-03 8.998636848212529e-03 9.009007525380842e-03
1.101101101101110e-02 1.099847167583006e-02 1.101100696454567e-02
1.301301301301305e-02 1.299838704924847e-02 1.301300368414355e-02
1.501501501501501e-02 1.499839570251529e-02 1.501499593545695e-02
1.701701701701697e-02 1.699850941714609e-02 1.701698134265094e-02
1.901901901901892e-02 1.899873887772554e-02 1.901895680630434e-02
2.102102102102110e-02 2.099909352842386e-02 2.102091840694927e-02
2.302302302302306e-02 2.299958143054800e-02 2.302286130862180e-02
2.502502502502502e-02 2.500020912125094e-02 2.502477966243195e-02
2.702702702702697e-02 2.700098147351581e-02 2.702666651015422e-02
2.902902902902893e-02 2.900190155752844e-02 2.902851368784946e-02
3.103103103103111e-02 3.100297050356584e-02 3.103031172952505e-02
3.303303303303307e-02 3.300418736650330e-02 3.303204977084254e-02
3.503503503503502e-02 3.500554899206795e-02 3.503371545288736e-02
3.703703703703698e-02 3.700704988494382e-02 3.703529482600951e-02
3.903903903903894e-02 3.900868207884364e-02 3.903677225375345e-02
4.104104104104112e-02 4.101043500865925e-02 4.103813031689317e-02
4.304304304304307e-02 4.301229538479944e-02 4.303934971759010e-02
4.504504504504503e-02 4.501424706982405e-02 4.504040918369855e-02
4.704704704704699e-02 4.701627095748158e-02 4.704128537323747e-02
4.904904904904894e-02 4.901834485425450e-02 4.904195277905765e-02
5.105105105105112e-02 5.102044336351457e-02 5.104238363373165e-02
5.305305305305308e-02 5.302253777239464e-02 5.304254781469599e-02
5.505505505505504e-02 5.502459594147066e-02 5.504241274968263e-02
5.705705705705699e-02 5.702658219735689e-02 5.704194332247178e-02
5.905905905905895e-02 5.902845722830648e-02 5.904110177900826e-02
6.106106106106113e-02 6.103017798291562e-02 6.103984763392323e-02
6.306306306306309e-02 6.303169757201864e-02 6.303813757750480e-02
6.506506506506504e-02 6.503296517386591e-02 6.503592538317045e-02
6.706706706706700e-02 6.703392594267540e-02 6.703316181548770e-02
6.906906906906918e-02 6.903452092063414e-02 6.902979453880283e-02
7.107107107107113e-02 7.103468695344167e-02 7.102576802653333e-02
7.307307307307309e-02 7.303435660947354e-02 7.302102347118999e-02
7.507507507507505e-02 7.503345810263737e-02 7.501549869519049e-02
7.707707707707701e-02 7.703191521900389e-02 7.700912806253729e-02
7.907907907907918e-02 7.902964724728272e-02 7.900184239143247e-02
8.108108108108114e-02 8.102656891321122e-02 8.099356886790549e-02
8.308308308308310e-02 8.302259031793077e-02 8.298423096053877e-02
8.508508508508505e-02 8.501761688040399e-02 8.497374833637167e-02
8.708708708708701e-02 8.701154928394710e-02 8.696203677807550e-02
8.908908908908919e-02 8.900428342692868e-02 8.894900810249161e-02
9.109109109109115e-02 9.099571037769023e-02 9.093457008062866e-02
9.309309309309310e-02 9.298571633375213e-02 9.291862635922420e-02
9.509509509509506e-02 9.497418258533999e-02 9.490107638397077e-02
9.709709709709702e-02 9.696098548329270e-02 9.688181532452006e-02
9.909909909909920e-02 9.894599641138831e-02 9.886073400137718e-02
1.011011011011012e-01 1.009290817631282e-01 1.008377188148016e-01
1.031031031031031e-01 1.029101029230290e-01 1.028126516758396e-01
1.051051051051051e-01 1.048889162524378e-01 1.047854099396096e-01
1.071071071071070e-01 1.068653730799217e-01 1.067558663409729e-01
1.091091091091092e-01 1.088393196962485e-01 1.087238889327214e-01
1.111111111111112e-01 1.108105973539842e-01 1.106893410264197e-01
1.131131131131131e-01 1.127790422717379e-01 1.126520811360433e-01
1.151151151151151e-01 1.147444856430628e-01 1.146119629245543e-01
1.171171171171170e-01 1.167067536500307e-01 1.165688351535649e-01
1.191191191191192e-01 1.186656674814993e-01 1.185225416362369e-01
1.211211211211212e-01 1.206210433560701e-01 1.204729211935720e-01
1.231231231231231e-01 1.225726925497492e-01 1.224198076142508e-01
1.251251251251251e-01 1.245204214283131e-01 1.243630296181758e-01
1.271271271271270e-01 1.264640314843702e-01 1.263024108238835e-01
1.291291291291292e-01 1.284033193791235e-01 1.282377697199877e-01
1.311311311311312e-01 1.303380769888170e-01 1.301689196408191e-01
1.331331331331331e-01 1.322680914558608e-01 1.320956687464304e-01
1.351351351351351e-01 1.341931452446133e-01 1.340178200071331e-01
1.371371371371370e-01 1.361130162018070e-01 1.359351711927355e-01
1.391391391391392e-01 1.380274776215911e-01 1.378475148666551e-01
1.411411411411412e-01 1.399362983151694e-01 1.397546383850701e-01
1.431431431431431e-01 1.418392426850008e-01 1.416563239012870e-01
1.451451451451451e-01 1.437360708035313e-01 1.435523483754874e-01
1.471471471471471e-01 1.456265384964222e-01 1.454424835900274e-01
1.491491491491492e-01 1.475103974302326e-01 1.473264961704535e-01
1.511511511511512e-01 1.493873952045167e-01 1.492041476124022e-01
1.531531531531531e-01 1.512572754482867e-01 1.510751943145468e-01
1.551551551551551e-01 1.531197779207922e-01 1.529393876177478e-01
1.571571571571571e-01 1.549746386165650e-01 1.547964738505676e-01
1.591591591591592e-01 1.568215898746706e-01 1.566461943812990e-01
1.611611611611612e-01 1.586603604921084e-01 1.584882856766560e-01
1.631631631631631e-01 1.604906758412960e-01 1.603224793672715e-01
1.651651651651651e-01 1.623122579915740e-01 1.621485023201359e-01
1.671671671671671e-01 1.641248258346585e-01 1.639660767181086e-01
1.691691691691692e-01 1.659280952139736e-01 1.657749201466265e-01
1.711711711711712e-01 1.677217790577780e-01 1.675747456877232e-01
1.731731731731732e-01 1.695055875160250e-01 1.693652620214705e-01
1.751751751751751e-01 1.712792281008521e-01 1.711461735349361e-01
1.771771771771771e-01 1.730424058306326e-01 1.729171804387492e-01
1.791791791791792e-01 1.747948233774904e-01 1.746779788913534e-01
1.811811811811812e-01 1.765361812181937e-01 1.764282611310115e-01
1.831831831831832e-01 1.782661777883296e-01 1.781677156156235e-01
1.851851851851851e-01 1.799845096396655e-01 1.798960271703962e-01
1.871871871871871e-01 1.816908716005948e-01 1.816128771433996e-01
1.891891891891893e-01 1.833849569395697e-01 1.833179435690260e-01
1.911911911911912e-01 1.850664575314057e-01 1.850109013393547e-01
1.931931931931932e-01 1.867350640263658e-01 1.866914223834131e-01
1.951951951951951e-01 1.883904660219009e-01 1.883591758543048e-01
1.971971971971973e-01 1.900323522369372e-01 1.900138283241633e-01
1.991991991991993e-01 1.916604106885989e-01 1.916550439868723e-01
2.012012012012012e-01 1.932743288712454e-01 1.932824848684765e-01
2.032032032032032e-01 1.948737939377030e-01 1.948958110451884e-01
2.052052052052051e-01 1.964584928825717e-01 1.964946808688799e-01
2.072072072072073e-01 1.980281127274739e-01 1.980787511999297e-01
2.092092092092093e-01 1.995823407081384e-01 1.996476776472759e-01
2.112112112112112e-01 2.011208644631615e-01 2.012011148155091e-01
2.132132132132132e-01 2.026433722243478e-01 2.027387165588154e-01
2.152152152152151e-01 2.041495530084656e-01 2.042601362415662e-01
2.172172172172173e-01 2.056390968103113e-01 2.057650270053269e-01
2.192192192192193e-01 2.071116947969288e-01 2.072530420420377e-01
2.212212212212212e-01 2.085670395028523e-01 2.087238348731048e-01
2.232232232232232e-01 2.100048250262314e-01 2.101770596341110e-01
2.252252252252251e-01 2.114247472257061e-01 2.116123713648446e-01
2.272272272272273e-01 2.128265039178734e-01 2.130294263043204e-01
2.292292292292293e-01 2.142097950752167e-01 2.144278821904480e-01
2.312312312312312e-01 2.155743230243543e-01 2.158073985639865e-01
2.332332332332332e-01 2.169197926444434e-01 2.171676370764007e-01
2.352352352352352e-01 2.182459115656159e-01 2.185082618012227e-01
2.372372372372373e-01 2.195523903672852e-01 2.198289395484976e-01
2.392392392392393e-01 2.208389427761723e-01 2.211293401818810e-01
2.412412412412412e-01 2.221052858639201e-01 2.224091369379383e-01
2.432432432432432e-01 2.233511402441250e-01 2.236680067471761e-01
2.452452452452452e-01 2.245762302686441e-01 2.249056305563278e-01
2.472472472472473e-01 2.257802842230378e-01 2.261216936513961e-01
2.492492492492493e-01 2.269630345209760e-01 2.273158859809458e-01
2.512512512512513e-01 2.281242178974758e-01 2.284879024791282e-01
2.532532532532532e-01 2.292635756008073e-01 2.296374433879046e-01
2.552552552552552e-01 2.303808535829223e-01 2.307642145779310e-01
2.572572572572573e-01 2.314758026882459e-01 2.318679278675574e-01
2.592592592592593e-01 2.325481788407049e-01 2.329483013393839e-01
2.612612612612613e-01 2.335977432287945e-01 2.340050596538186e-01
2.632632632632632e-01 2.346242624885929e-01 2.350379343590694e-01
2.652652652652652e-01 2.356275088845247e-01 2.360466641970057e-01
2.672672672672673e-01 2.366072604877422e-01 2.370309954043228e-01
2.692692692692693e-01 2.375633013519939e-01 2.379906820084424e-01
2.712712712712713e-01 2.384954216867890e-01 2.389254861175855e-01
2.732732732732732e-01 2.394034180277650e-01 2.398351782044571e-01
2.752752752752752e-01 2.402870934040595e-01 2.407195373829886e-01
2.772772772772774e-01 2.411462575025895e-01 2.415783516775909e-01
2.792792792792793e-01 2.419807268290598e-01 2.424114182843786e-01
2.812812812812813e-01 2.427903248655767e-01 2.432185438238397e-01
2.832832832832832e-01 2.435748822247168e-01 2.439995445844332e-01
2.852852852852852e-01 2.443342367999308e-01 2.447542467566140e-01
2.872872872872874e-01 2.450682339121151e-01 2.454824866567991e-01
2.892892892892893e-01 2.457767264522484e-01 2.461841109408055e-01
2.912912912912913e-01 2.464595750199365e-01 2.468589768063103e-01
2.932932932932932e-01 2.471166480577472e-01 2.475069521839019e-01
2.952952952952952e-01 2.477478219811989e-01 2.481279159163141e-01
2.972972972972974e-01 2.483529813042826e-01 2.487217579254580e-01
2.992992992992993e-01 2.489320187603928e-01 2.492883793668889e-01
3.013013013013013e-01 2.494848354185393e-01 2.498276927713748e-01
3.033033033033032e-01 2.500113407947219e-01 2.503396221732549e-01
3.053053053053052e-01 2.505114529583690e-01 2.508241032253085e-01
3.073073073073074e-01 2.509850986336938e-01 2.512810832998819e-01
3.093093093093093e-01 2.514322132958933e-01 2.517105215760487e-01
3.113113113113113e-01 2.518527412620571e-01 2.521123891126142e-01
3.133133133133132e-01 2.522466357766821e-01 2.524866689068000e-01
3.153153153153154e-01 2.526138590917272e-01 2.528333559384802e-01
3.173173173173174e-01 2.529543825410470e-01 2.531524571998731e-01
3.193193193193193e-01 2.532681866091820e-01 2.534439917106218e-01
3.213213213213213e-01 2.535552609943534e-01 2.537079905182334e-01
3.233233233233233e-01 2.538156046656119e-01 2.539444966838760e-01
3.253253253253254e-01 2.540492259140492e-01 2.541535652535690e-01
3.273273273273274e-01 2.542561423979824e-01 2.543352632148321e-01
3.293293293293293e-01 2.544363811820503e-01 2.544896694388921e-01
3.313313313313313e-01 2.545899787701388e-01 2.546168746085794e-01
3.333333333333333e-01 2.547169811320751e-01 2.547169811320755e-01
3.353353353353354e-01 2.548174437240206e-01 2.547901030427072e-01
3.373373373373374e-01 2.548914315025140e-01 2.548363658850110e-01
3.393393393393394e-01 2.549390189321044e-01 2.548559065873203e-01
3.413413413413413e-01 2.549602899865140e-01 2.548488733211609e-01
3.433433433433433e-01 2.549553381432958e-01 2.548154253477621e-01
3.453453453453454e-01 2.549242663719648e-01 2.547557328520220e-01
3.473473473473474e-01 2.548671871155198e-01 2.546699767642887e-01
3.493493493493494e-01 2.547842222653606e-01 2.545583485703442e-01
3.513513513513513e-01 2.546755031295657e-01 2.544210501099999e-01
3.533533533533533e-01 2.545411703945052e-01 2.542582933647346e-01
3.553553553553555e-01 2.543813740797769e-01 2.540703002348269e-01
3.573573573573574e-01 2.541962734864345e-01 2.538573023064485e-01
3.593593593593594e-01 2.539860371385463e-01 2.536195406092085e-01
3.613613613613613e-01 2.537508427180251e-01 2.533572653646462e-01
3.633633633633633e-01 2.534908769927762e-01 2.530707357261913e-01
3.653653653653655e-01 2.532063357381596e-01 2.527602195111159e-01
3.673673673673674e-01 2.528974236517667e-01 2.524259929250187e-01
3.693693693693694e-01 2.525643542615651e-01 2.520683402793853e-01
3.713713713713713e-01 2.522073498273781e-01 2.516875537027806e-01
3.733733733733733e-01 2.518266412358132e-01 2.512839328462305e-01
3.753753753753755e-01 2.514224678885836e-01 2.508577845833567e-01
3.773773773773774e-01 2.509950775843375e-01 2.504094227058294e-01
3.793793793793794e-01 2.505447263940003e-01 2.499391676147022e-01
3.813813813813813e-01 2.500716785296943e-01 2.494473460081948e-01
3.833833833833833e-01 2.495762062073013e-01 2.489342905664849e-01
3.853853853853855e-01 2.490585895027197e-01 2.484003396340662e-01
3.873873873873874e-01 2.485191162018810e-01 2.478458369002253e-01
3.893893893893894e-01 2.479580816446315e-01 2.472711310781825e-01
3.913913913913913e-01 2.473757885625124e-01 2.466765755834330e-01
3.933933933933933e-01 2.467725469105759e-01 2.460625282118160e-01
3.953953953953955e-01 2.461486736932588e-01 2.454293508178284e-01
3.973973973973974e-01 2.455044927845154e-01 2.447774089936886e-01
3.993993993993994e-01 2.448403347421904e-01 2.441070717496391e-01
4.014014014014013e-01 2.441565366168439e-01 2.434187111959703e-01
4.034034034034033e-01 2.434534417550650e-01 2.427127022272246e-01
4.054054054054055e-01 2.427313995974675e-01 2.419894222090295e-01
4.074074074074074e-01 2.419907654714097e-01 2.412492506679919e-01
4.094094094094094e-01 2.412319003786313e-01 2.404925689850636e-01
4.114114114114114e-01 2.404551707779434e-01 2.397197600927783e-01
4.134134134134133e-01 2.396609483630403e-01 2.389312081767343e-01
4.154154154154155e-01 2.388496098356920e-01 2.381272983816837e-01
4.174174174174174e-01 2.380215366743549e-01 2.373084165225672e-01
4.194194194194194e-01 2.371771148984577e-01 2.364749488008149e-01
4.214214214214214e-01 2.363167348284435e-01 2.356272815262138e-01
4.234234234234233e-01 2.354407908417862e-01 2.347658008446238e-01
4.254254254254255e-01 2.345496811251518e-01 2.338908924718018e-01
4.274274274274275e-01 2.336438074228252e-01 2.330029414335769e-01
4.294294294294294e-01 2.327235747816736e-01 2.321023318125956e-01
4.314314314314314e-01 2.317893912927703e-01 2.311894465018421e-01
4.334334334334333e-01 2.308416678298617e-01 2.302646669651119e-01
4.354354354354355e-01 2.298808177849680e-01 2.293283730046045e-01
4.374374374374375e-01 2.289072568011579e-01 2.283809425357769e-01
4.394394394394394e-01 2.279214025028672e-01 2.274227513695835e-01
4.414414414414414e-01 2.269236742238796e-01 2.264541730022086e-01
4.434434434434436e-01 2.259144927331767e-01 2.254755784123803e-01
4.454454454454455e-01 2.248942799589501e-01 2.244873358663368e-01
4.474474474474475e-01 2.238634587108804e-01 2.234898107304970e-01
4.494494494494494e-01 2.228224524010370e-01 2.224833652918769e-01
4.514514514514514e-01 2.217716847635493e-01 2.214683585862688e-01
4.534534534534536e-01 2.207115795732690e-01 2.204451462341912e-01
4.554554554554555e-01 2.196425603637228e-01 2.194140802846020e-01
4.574574574574575e-01 2.185650501445852e-01 2.183755090663478e-01
4.594594594594594e-01 2.174794711188134e-01 2.173297770473168e-01
4.614614614614614e-01 2.163862443998238e-01 2.162772247012435e-01
4.634634634634636e-01 2.152857897289107e-01 2.152181883821030e-01
4.654654654654655e-01 2.141785251931224e-01 2.141530002060234e-01
4.674674674674675e-01 2.130648669438477e-01 2.130819879406279e-01
4.694694694694694e-01 2.119452289164764e-01 2.120054749017158e-01
4.714714714714714e-01 2.108200225511940e-01 2.109237798571757e-01
4.734734734734736e-01 2.096896565154147e-01 2.098372169380160e-01
4.754754754754755e-01 2.085545364278719e-01 2.087460955563950e-01
4.774774774774775e-01 2.074150645847982e-01 2.076507203305148e-01
4.794794794794794e-01 2.062716396883712e-01 2.065513910162478e-01
4.814814814814814e-01 2.051246565777736e-01 2.054484024453498e-01
4.834834834834836e-01 2.039745059629514e-01 2.043420444701103e-01
4.854854854854855e-01 2.028215741616533e-01 2.032326019142872e-01
4.874874874874875e-01 2.016662428396452e-01 2.021203545301654e-01
4.894894894894894e-01 2.005088887546299e-01 2.010055769615766e-01
4.914914914914914e-01 1.993498835040533e-01 1.998885387127149e-01
4.934934934934936e-01 1.981895932770824e-01 1.987695041225760e-01
4.954954954954955e-01 1.970283786109288e-01 1.976487323448500e-01
4.974974974974975e-01 1.958665941519116e-01 1.965264773330915e-01
4.994994994994995e-01 1.947045884215015e-01 1.954029878309938e-01
5.015015015015014e-01 1.935427035874852e-01 1.942785073675873e-01
5.035035035035036e-01 1.923812752406644e-01 1.931532742571867e-01
5.055055055055055e-01 1.912206321772298e-01 1.920275216039087e-01
5.075075075075075e-01 1.900610961872332e-01 1.909014773105805e-01
5.095095095095095e-01 1.889029818490821e-01 1.897753640918656e-01
5.115115115115114e-01 1.877465963308134e-01 1.886493994914270e-01
5.135135135135136e-01 1.865922391977918e-01 1.875237959029544e-01
5.155155155155156e-01 1.854402022276477e-01 1.863987605948813e-01
5.175175175175175e-01 1.842907692322822e-01 1.852744957386192e-01
5.195195195195195e-01 1.831442158873779e-01 1.841511984401407e-01
5.215215215215214e-01 1.820008095696892e-01 1.830290607747414e-01
5.235235235235236e-01 1.808608092020434e-01 1.819082698248176e-01
5.255255255255256e-01 1.797244651067246e-01 1.807890077204962e-01
5.275275275275275e-01 1.785920188670142e-01 1.796714516829560e-01
5.295295295295295e-01 1.774637031975703e-01 1.785557740702867e-01
5.315315315315314e-01 1.763397418232808e-01 1.774421424257294e-01
5.335335335335336e-01 1.752203493673399e-01 1.763307195281499e-01
5.355355355355356e-01 1.741057312483964e-01 1.752216634445986e-01
5.375375375375375e-01 1.729960835871646e-01 1.741151275848120e-01
5.395395395395395e-01 1.718915931225008e-01 1.730112607575195e-01
5.415415415415414e-01 1.707924371372724e-01 1.719102072284167e-01
5.435435435435436e-01 1.696987833940961e-01 1.708121067796763e-01
5.455455455455456e-01 1.686107900811843e-01 1.697170947708664e-01
5.475475475475475e-01 1.675286057683412e-01 1.686253022011532e-01
5.495495495495495e-01 1.664523693733303e-01 1.675368557726684e-01
5.515515515515514e-01 1.653822101388402e-01 1.664518779549235e-01
5.535535535535536e-01 1.643182476198278e-01 1.653704870501610e-01
5.555555555555556e-01 1.632605916819119e-01 1.642927972595330e-01
5.575575575575575e-01 1.622093425103046e-01 1.632189187500014e-01
5.595595595595595e-01 1.611645906298887e-01 1.621489577218627e-01
5.615615615615615e-01 1.601264169362349e-01 1.610830164767982e-01
5.635635635635636e-01 1.590948927377148e-01 1.600211934863568e-01
5.655655655655656e-01 1.580700798087955e-01 1.589635834607847e-01
5.675675675675675e-01 1.570520304545727e-01 1.579102774181117e-01
5.695695695695695e-01 1.560407875864862e-01 1.568613627534177e-01
5.715715715715717e-01 1.550363848094594e-01 1.558169233081986e-01
5.735735735735736e-01 1.540388465201449e-01 1.547770394397594e-01
5.755755755755756e-01 1.530481880167860e-01 1.537417880905611e-01
5.775775775775776e-01 1.520644156200492e-01 1.527112428574580e-01
5.795795795795795e-01 1.510875268053717e-01 1.516854740607584e-01
5.815815815815817e-01 1.501175103464950e-01 1.506645488130502e-01
5.835835835835836e-01 1.491543464701798e-01 1.496485310877333e-01
5.855855855855856e-01 1.481980070221450e-01 1.486374817872048e-01
5.875875875875876e-01 1.472484556439912e-01 1.476314588106461e-01
5.895895895895895e-01 1.463056479611883e-01 1.466305171213646e-01
5.915915915915917e-01 1.453695317818605e-01 1.456347088136430e-01
5.935935935935936e-01 1.444400473064227e-01 1.446440831790568e-01
5.955955955955956e-01 1.435171273477972e-01 1.436586867722170e-01
5.975975975975976e-01 1.426006975622035e-01 1.426785634759039e-01
5.995995995995995e-01 1.416906766900084e-01 1.417037545655567e-01
6.016016016016017e-01 1.407869768071364e-01 1.407342987730866e-01
6.036036036036037e-01 1.398895035860187e-01 1.397702323499846e-01
6.056056056056056e-01 1.389981565665137e-01 1.388115891296957e-01
6.076076076076076e-01 1.381128294363380e-01 1.378584005892365e-01
6.096096096096095e-01 1.372334103206081e-01 1.369106959100316e-01
6.116116116116117e-01 1.363597820805554e-01 1.359685020379484e-01
6.136136136136137e-01 1.354918226208716e-01 1.350318437425127e-01
6.156156156156156e-01 1.346294052055300e-01 1.341007436752860e-01
6.176176176176176e-01 1.337723987817102e-01 1.331752224273919e-01
6.196196196196195e-01 1.329206683115825e-01 1.322552985861762e-01
6.216216216216217e-01 1.320740751115124e-01 1.313409887909904e-01
6.236236236236237e-01 1.312324771983147e-01 1.304323077880874e-01
6.256256256256256e-01 1.303957296422769e-01 1.295292684846218e-01
6.276276276276276e-01 1.295636849265451e-01 1.286318820017471e-01
6.296296296296295e-01 1.287361933124264e-01 1.277401577268039e-01
6.316316316316317e-01 1.279131032099917e-01 1.268541033645949e-01
6.336336336336337e-01 1.270942615540046e-01 1.259737249877443e-01
6.356356356356356e-01 1.262795141841591e-01 1.250990270861365e-01
6.376376376376376e-01 1.254687062297013e-01 1.242300126154381e-01
6.396396396396395e-01 1.246616824972396e-01 1.233666830446982e-01
6.416416416416417e-01 1.238582878621685e-01 1.225090384030319e-01
6.436436436436437e-01 1.230583676620928e-01 1.216570773253867e-01
6.456456456456456e-01 1.222617680927597e-01 1.208107970973960e-01
6.476476476476476e-01 1.214683366050888e-01 1.199701936993231e-01
6.496496496496496e-01 1.206779223032007e-01 1.191352618490999e-01
6.516516516516517e-01 1.198903763426462e-01 1.183059950444660e-01
6.536536536536537e-01 1.191055523285587e-01 1.174823856042142e-01
6.556556556556556e-01 1.183233067124499e-01 1.166644247085481e-01
6.576576576576576e-01 1.175434991876677e-01 1.158521024385605e-01
6.596596596596596e-01 1.167659930825455e-01 1.150454078148392e-01
6.616616616616617e-01 1.159906557504845e-01 1.142443288352079e-01
6.636636636636637e-01 1.152173589567274e-01 1.134488525116132e-01
6.656656656656657e-01 1.144459792604175e-01 1.126589649061641e-01
6.676676676676676e-01 1.136763983921397e-01 1.118746511663353e-01
6.696696696696696e-01 1.129085036250882e-01 1.110958955593438e-01
6.716716716716717e-01 1.121421881404493e-01 1.103226815057085e-01
6.736736736736737e-01 1.113773513849479e-01 1.095549916120047e-01
6.756756756756757e-01 1.106138994209725e-01 1.087928077028220e-01
6.776776776776776e-01 1.098517452675204e-01 1.080361108519391e-01
6.796796796796796e-01 1.090908092317738e-01 1.072848814127251e-01
6.816816816816818e-01 1.083310192305607e-01 1.065390990477798e-01
6.836836836836837e-01 1.075723111004447e-01 1.057987427578240e-01
6.856856856856857e-01 1.068146288961341e-01 1.050637909098512e-01
6.876876876876876e-01 1.060579251760252e-01 1.043342212645535e-01
6.896896896896898e-01 1.053021612745156e-01 1.036100110030335e-01
6.916916916916918e-01 1.045473075595615e-01 1.028911367528137e-01
6.936936936936937e-01 1.037933436757365e-01 1.021775746131553e-01
6.956956956956957e-01 1.030402587706524e-01 1.014693001797002e-01
6.976976976976976e-01 1.022880517050673e-01 1.007662885684464e-01
6.996996996996998e-01 1.015367312453908e-01 1.000685144390698e-01
7.017017017017018e-01 1.007863162374732e-01 9.937595201760575e-02
7.037037037037037e-01 1.000368357614082e-01 9.868857511849954e-02
7.057057057057057e-01 9.928832926646818e-02 9.800635716604146e-02
7.077077077077076e-01 9.854084668461253e-02 9.732927121519627e-02
7.097097097097098e-01 9.779444852303953e-02 9.665728997183953e-02
7.117117117117118e-01 9.704920593395844e-02 9.599038581241366e-02
7.137137137137137e-01 9.630520076079176e-02 9.532853080301407e-02
7.157157157157157e-01 9.556252556142955e-02 9.467169671791875e-02
7.177177177177176e-01 9.482128360556395e-02 9.401985505757217e-02
7.197197197197198e-01 9.408158884723083e-02 9.337297706603512e-02
7.217217217217218e-01 9.334356587097099e-02 9.273103374791271e-02
7.237237237237237e-01 9.260734981090726e-02 9.209399588477056e-02
7.257257257257257e-01 9.187308624268735e-02 9.146183405105206e-02
7.277277277277276e-01 9.114093104634766e-02 9.083451862950691e-02
7.297297297297298e-01 9.041105024108818e-02 9.021201982614194e-02
7.317317317317318e-01 8.968361979015949e-02 8.959430768470585e-02
7.337337337337337e-01 8.895882537536988e-02 8.898135210071725e-02
7.357357357357357e-01 8.823686214121834e-02 8.837312283504836e-02
7.377377377377377e-01 8.751793440810690e-02 8.776958952707330e-02
7.397397397397398e-01 8.680225535305761e-02 8.717072170739218e-02
7.417417417417418e-01 8.609004665932680e-02 8.657648881014099e-02
7.437437437437437e-01 8.538153813250531e-02 8.598686018489657e-02
7.457457457457457e-01 8.467696728451642e-02 8.540180510818786e-02
7.477477477477477e-01 8.397657888404730e-02 8.482129279462192e-02
7.497497497497498e-01 8.328062447316398e-02 8.424529240763470e-02
7.517517517517518e-01 8.258936185130702e-02 8.367377306987622e-02
7.537537537537538e-01 8.190305452402831e-02 8.310670387323864e-02
7.557557557557557e-01 8.122197111923996e-02 8.254405388853693e-02
7.577577577577577e-01 8.054638476831204e-02 8.198579217485084e-02
7.597597597597598e-01 7.987657245389607e-02 8.143188778853663e-02
7.617617617617618e-01 7.921281432383276e-02 8.088230979191764e-02
7.637637637637638e-01 7.855539297099212e-02 8.033702726166125e-02
7.657657657657657e-01 7.790459268048620e-02 7.979600929685152e-02
7.677677677677677e-01 7.726069864283955e-02 7.925922502676480e-02
7.697697697697699e-01 7.662399613536859e-02 7.872664361835645e-02
7.717717717717718e-01 7.599476967078012e-02 7.819823428346670e-02
7.737737737737738e-01 7.537330211447782e-02 7.767396628575270e-02
7.757757757757757e-01 7.475987377099294e-02 7.715380894735456e-02
7.777777777777777e-01 7.415476144010733e-02 7.663773165530294e-02
7.797797797797799e-01 7.355823744412597e-02 7.612570386767455e-02
7.817817817817818e-01 7.297056862679269e-02 7.561769511950343e-02
7.837837837837838e-01 7.239201532490071e-02 7.511367502845391e-02
7.857857857857857e-01 7.182283031457143e-02 7.461361330026282e-02
7.877877877877877e-01 7.126325773273907e-02 7.411747973395695e-02
7.897897897897899e-01 7.071353197565017e-02 7.362524422685218e-02
7.917917917917918e-01 7.017387657653622e-02 7.313687677934098e-02
7.937937937937938e-01 6.964450306262709e-02 7.265234749947347e-02
7.957957957957957e-01 6.912560979637924e-02 7.217162660733895e-02
7.977977977977977e-01 6.861738079885914e-02 7.169468443925339e-02
7.997997997997999e-01 6.811998456155278e-02 7.122149145175821e-02
8.018018018018018e-01 6.763357284683860e-02 7.075201822543660e-02
8.038038038038038e-01 6.715827947932712e-02 7.028623546855191e-02
8.058058058058057e-01 6.669421913256880e-02 6.982411402051440e-02
8.078078078078077e-01 6.624148611198431e-02 6.936562485518077e-02
8.098098098098099e-01 6.580015313943766e-02 6.891073908399176e-02
8.118118118118118e-01 6.537027014055853e-02 6.845942795895306e-02
8.138138138138138e-01 6.495186303907570e-02 6.801166287546341e-02
8.158158158158157e-01 6.454493256344715e-02 6.756741537499575e-02
8.178178178178179e-01 6.414945306626139e-02 6.712665714763502e-02
8.198198198198199e-01 6.376537136447163e-02 6.668936003447802e-02
8.218218218218218e-01 6.339260560222848e-02 6.625549602989805e-02
8.238238238238238e-01 6.303104414163711e-02 6.582503728368075e-02
8.258258258258258e-01 6.268054448679614e-02 6.539795610303326e-02
8.278278278278279e-01 6.234093224507037e-02 6.497422495447194e-02
8.298298298298299e-01 6.201200013329830e-02 6.455381646559233e-02
8.318318318318318e-01 6.169350703151703e-02 6.413670342672431e-02
8.338338338338338e-01 6.138517709250883e-02 6.372285879247770e-02
8.358358358358358e-01 6.108669891271218e-02 6.331225568318041e-02
8.378378378378379e-01 6.079772477085112e-02 6.290486738621369e-02
8.398398398398399e-01 6.051786994105550e-02 6.250066735724738e-02
8.418418418418419e-01 6.024671208764774e-02 6.209962922137855e-02
8.438438438438438e-01 5.998379075058947e-02 6.170172677417698e-02
8.458458458458458e-01 5.972860692627011e-02 6.130693398264033e-02
8.478478478478479e-01 5.948062275519041e-02 6.091522498606240e-02
8.498498498498499e-01 5.923926132273570e-02 6.052657409681739e-02
8.518518518518519e-01 5.900390658266133e-02 6.014095580106240e-02
8.538538538538538e-01 5.877390341388153e-02 5.975834475936224e-02
8.558558558558558e-01 5.854855781815268e-02 5.937871580723820e-02
8.578578578578580e-01 5.832713726903290e-02 5.900204395564396e-02
8.598598598598599e-01 5.810887122498180e-02 5.862830439137123e-02
8.618618618618619e-01 5.789295181404087e-02 5.825747247738721e-02
8.638638638638638e-01 5.767853470497673e-02 5.788952375310703e-02
8.658658658658658e-01 5.746474017311912e-02 5.752443393460285e-02
8.678678678678680e-01 5.725065437621978e-02 5.716217891475245e-02
8.698698698698699e-01 5.703533085214464e-02 5.680273476332928e-02
8.718718718718719e-01 5.681779224965125e-02 5.644607772703610e-02
8.738738738738738e-01 5.659703230971991e-02 5.609218422948454e-02
8.758758758758758e-01 5.637201810879602e-02 5.574103087112259e-02
8.778778778778780e-01 5.614169257881167e-02 5.539259442911187e-02
8.798798798798799e-01 5.590497732246968e-02 5.504685185715680e-02
8.818818818818819e-01 5.566077573442938e-02 5.470378028528730e-02
8.838838838838838e-01 5.540797645053790e-02 5.436335701959715e-02
8.858858858858858e-01 5.514545713740517e-02 5.402555954193962e-02
8.878878878878880e-01 5.487208864274405e-02 5.369036550958206e-02
8.898898898898899e-01 5.458673952453339e-02 5.335775275482130e-02
8.918918918918919e-01 5.428828097647699e-02 5.302769928456103e-02
8.938938938938938e-01 5.397559217128095e-02 5.270018327985346e-02
8.958958958958958e-01 5.364756603882589e-02 5.237518309540597e-02
8.978978978978980e-01 5.330311550566833e-02 5.205267725905489e-02
8.998998998998999e-01 5.294118021091356e-02 5.173264447120755e-02
9.019019019019019e-01 5.256073372496568e-02 5.141506360425371e-02
9.039039039039038e-01 5.216079129457227e-02 5.109991370194843e-02
9.059059059059058e-01 5.174041813473131e-02 5.078717397876693e-02
9.079079079079080e-01 5.129873829471548e-02 5.047682381923319e-02
9.099099099099099e-01 5.083494412369283e-02 5.016884277722339e-02
9.119119119119119e-01 5.034830635903127e-02 4.986321057524511e-02
9.139139139139139e-01 4.983818486974659e-02 4.955990710369394e-02
9.159159159159158e-01 4.930404007721429e-02 4.925891242008812e-02
9.179179179179180e-01 4.874544508632298e-02 4.896020674828262e-02
9.199199199199199e-01 4.816209855314643e-02 4.866377047766365e-02
9.219219219219219e-01 4.755383832375244e-02 4.836958416232425e-02
9.239239239239239e-01 4.692065587047529e-02 4.807762852022245e-02
9.259259259259258e-01 4.626271156474585e-02 4.778788443232278e-02
9.279279279279280e-01 4.558035081304654e-02 4.750033294172167e-02
9.299299299299300e-01 4.487412109403824e-02 4.721495525275837e-02
9.319319319319319e-01 4.414478993386344e-02 4.693173273011127e-02
9.339339339339339e-01 4.339336385176488e-02 4.665064689788152e-02
9.359359359359358e-01 4.262110831712659e-02 4.637167943866374e-02
9.379379379379380e-01 4.182956875587107e-02 4.609481219260537e-02
9.399399399399400e-01 4.102059264387132e-02 4.582002715645508e-02
9.419419419419419e-01 4.019635273158400e-02 4.554730648260068e-02
9.439439439439439e-01 3.935937144072167e-02 4.527663247809787e-02
9.459459459459461e-01 3.851254647449280e-02 4.500798760368993e-02
9.479479479479480e-01 3.765917768775007e-02 4.474135447281947e-02
9.499499499499500e-01 3.680299526342182e-02 4.447671585063215e-02
9.519519519519519e-01 3.594818924160533e-02 4.421405465297404e-02
9.539539539539539e-01 3.509944044807756e-02 4.395335394538211e-02
9.559559559559561e-01 3.426195287410219e-02 4.369459694206919e-02
9.579579579579580e-01 3.344148755814071e-02 4.343776700490364e-02
9.599599599599600e-01 3.264439802072671e-02 4.318284764238412e-02
9.619619619619619e-01 3.187766730840524e-02 4.292982250861029e-02
9.639639639639639e-01 3.114894669967344e-02 4.267867540224968e-02
9.659659659659661e-01 3.046659613075279e-02 4.242939026550126e-02
9.679679679679680e-01 2.983972640211376e-02 4.218195118305647e-02
9.699699699699700e-01 2.927824322044596e-02 4.193634238105721e-02
9.719719719719719e-01 2.879289314142031e-02 4.169254822605262e-02
9.739739739739739e-01 2.839531147514725e-02 4.145055322395375e-02
9.759759759759761e-01 2.809807221880322e-02 4.121034201898732e-02
9.779779779779780e-01 2.791474008446979e-02 4.097189939264863e-02
9.799799799799800e-01 2.785992468422313e-02 4.073521026265390e-02
9.819819819819819e-01 2.794933695366119e-02 4.050025968189265e-02
9.839839839839839e-01 2.819984787378788e-02 4.026703283738033e-02
9.859859859859861e-01 2.862954957243445e-02 4.003551504921134e-02
9.879879879879880e-01 2.925781887306103e-02 3.980569176951319e-02
9.899899899899900e-01 3.010538337964291e-02 3.957754858140146e-02
9.919919919919920e-01 3.119439016392775e-02 3.935107119793647e-02
9.939939939939939e-01 3.254847714564746e-02 3.912624546108163e-02
9.959959959959961e-01 3.419284724435202e-02 3.890305734066356e-02
9.979979979979980e-01 3.615434538622565e-02 3.868149293333478e-02
1.000000000000000e+00 3.846153846169359e-02 3.846153846153846e-02
