-1.000000000000000e+00 -3.846153846153846e-02 -3.846153846153846e-02
-9.979979979979980e-01 -4.184528995622373e-02 -3.868149293333478e-02
-9.959959959959960e-01 -4.508396206618698e-02 -3.890305734066357e-02
-9.939939939939940e-01 -4.818134287112483e-02 -3.912624546108161e-02
-9.919919919919920e-01 -5.114115677765865e-02 -3.935107119793647e-02
-9.899899899899900e-01 -5.396706527401250e-02 -3.957754858140146e-02
-9.879879879879880e-01 -5.666266767811535e-02 -3.980569176951319e-02
-9.859859859859860e-01 -5.923150187916435e-02 -4.003551504921135e-02
-9.839839839839840e-01 -6.167704507269262e-02 -4.026703283738031e-02
-9.819819819819819e-01 -6.400271448918347e-02 -4.050025968189265e-02
-9.799799799799800e-01 -6.621186811626892e-02 -4.073521026265390e-02
-9.779779779779780e-01 -6.830780541455678e-02 -4.097189939264863e-02
-9.759759759759760e-01 -7.029376802712420e-02 -4.121034201898733e-02
-9.739739739739740e-01 -7.217294048271876e-02 -4.145055322395374e-02
-9.719719719719719e-01 -7.394845089270889e-02 -4.169254822605262e-02
-9.699699699699700e-01 -7.562337164182074e-02 -4.193634238105721e-02
-9.679679679679680e-01 -7.720072007270437e-02 -4.218195118305647e-02
-9.659659659659660e-01 -7.868345916436689e-02 -4.242939026550129e-02
-9.639639639639640e-01 -8.007449820451260e-02 -4.267867540224966e-02
-9.619619619619619e-01 -8.137669345583069e-02 -4.292982250861029e-02
-9.599599599599600e-01 -8.259284881626763e-02 -4.318284764238412e-02
-9.579579579579579e-01 -8.372571647332550e-02 -4.343776700490365e-02
-9.559559559559559e-01 -8.477799755242291e-02 -4.369459694206920e-02
-9.539539539539540e-01 -8.575234275935958e-02 -4.395335394538210e-02
-9.519519519519519e-01 -8.665135301692113e-02 -4.421405465297404e-02
-9.499499499499500e-01 -8.747758009566343e-02 -4.447671585063215e-02
-9.479479479479479e-01 -8.823352723891496e-02 -4.474135447281947e-02
-9.459459459459459e-01 -8.892164978203435e-02 -4.500798760368995e-02
-9.439439439439440e-01 -8.954435576596204e-02 -4.527663247809786e-02
-9.419419419419419e-01 -9.010400654510285e-02 -4.554730648260068e-02
-9.399399399399400e-01 -9.060291738957769e-02 -4.582002715645508e-02
-9.379379379379379e-01 -9.104335808188155e-02 -4.609481219260537e-02
-9.359359359359359e-01 -9.142755350798500e-02 -4.637167943866372e-02
-9.339339339339340e-01 -9.175768424291651e-02 -4.665064689788150e-02
-9.319319319319319e-01 -9.203588713086219e-02 -4.693173273011127e-02
-9.299299299299300e-01 -9.226425585981989e-02 -4.721495525275837e-02
-9.279279279279279e-01 -9.244484153084433e-02 -4.750033294172168e-02
-9.259259259259259e-01 -9.257965322191959e-02 -4.778788443232275e-02
-9.239239239239239e-01 -9.267065854649541e-02 -4.807762852022245e-02
-9.219219219219219e-01 -9.271978420672292e-02 -4.836958416232425e-02
-9.199199199199199e-01 -9.272891654142658e-02 -4.866377047766365e-02
-9.179179179179179e-01 -9.269990206884751e-02 -4.896020674828263e-02
-9.159159159159159e-01 -9.263454802419389e-02 -4.925891242008808e-02
-9.139139139139139e-01 -9.253462289203442e-02 -4.955990710369394e-02
-9.119119119119119e-01 -9.240185693356942e-02 -4.986321057524511e-02
-9.099099099099099e-01 -9.223794270881551e-02 -5.016884277722339e-02
-9.079079079079079e-01 -9.204453559373831e-02 -5.047682381923319e-02
-9.059059059059059e-01 -9.182325429236821e-02 -5.078717397876691e-02
-9.039039039039038e-01 -9.157568134393418e-02 -5.109991370194843e-02
-9.019019019019019e-01 -9.130336362504957e-02 -5.141506360425371e-02
-8.998998998998999e-01 -9.100781284698498e-02 -5.173264447120755e-02
-8.978978978978979e-01 -9.069050604806179e-02 -5.205267725905491e-02
-8.958958958958959e-01 -9.035288608120108e-02 -5.237518309540595e-02
-8.938938938938938e-01 -8.999636209666115e-02 -5.270018327985346e-02
-8.918918918918919e-01 -8.962231001999812e-02 -5.302769928456103e-02
-8.898898898898899e-01 -8.923207302528267e-02 -5.335775275482130e-02
-8.878878878878879e-01 -8.882696200360665e-02 -5.369036550958207e-02
-8.858858858858859e-01 -8.840825602691299e-02 -5.402555954193961e-02
-8.838838838838838e-01 -8.797720280718158e-02 -5.436335701959715e-02
-8.818818818818819e-01 -8.753501915100483e-02 -5.470378028528730e-02
-8.798798798798799e-01 -8.708289140958496e-02 -5.504685185715680e-02
-8.778778778778779e-01 -8.662197592418654e-02 -5.539259442911188e-02
-8.758758758758759e-01 -8.615339946707616e-02 -5.574103087112257e-02
-8.738738738738738e-01 -8.567825967798191e-02 -5.609218422948454e-02
-8.718718718718719e-01 -8.519762549610511e-02 -5.644607772703610e-02
-8.698698698698699e-01 -8.471253758771581e-02 -5.680273476332928e-02
-8.678678678678678e-01 -8.422400876936463e-02 -5.716217891475246e-02
-8.658658658658659e-01 -8.373302442674255e-02 -5.752443393460284e-02
-8.638638638638638e-01 -8.324054292921979e-02 -5.788952375310703e-02
-8.618618618618619e-01 -8.274749604009622e-02 -5.825747247738721e-02
-8.598598598598599e-01 -8.225478932259368e-02 -5.862830439137123e-02
-8.578578578578578e-01 -8.176330254162212e-02 -5.900204395564397e-02
-8.558558558558559e-01 -8.127389006135030e-02 -5.937871580723818e-02
-8.538538538538538e-01 -8.078738123861184e-02 -5.975834475936224e-02
-8.518518518518519e-01 -8.030458081217776e-02 -6.014095580106240e-02
-8.498498498498499e-01 -7.982626928792561e-02 -6.052657409681739e-02
-8.478478478478478e-01 -7.935320331993619e-02 -6.091522498606243e-02
-8.458458458458459e-01 -7.888611608754771e-02 -6.130693398264029e-02
-8.438438438438438e-01 -7.842571766839786e-02 -6.170172677417698e-02
-8.418418418418419e-01 -7.797269540748364e-02 -6.209962922137855e-02
-8.398398398398399e-01 -7.752771428226884e-02 -6.250066735724738e-02
-8.378378378378378e-01 -7.709141726386913e-02 -6.290486738621369e-02
-8.358358358358359e-01 -7.666442567434399e-02 -6.331225568318039e-02
-8.338338338338338e-01 -7.624733954012507e-02 -6.372285879247770e-02
-8.318318318318318e-01 -7.584073794161053e-02 -6.413670342672431e-02
-8.298298298298299e-01 -7.544517935895396e-02 -6.455381646559233e-02
-8.278278278278278e-01 -7.506120201407751e-02 -6.497422495447196e-02
-8.258258258258259e-01 -7.468932420893758e-02 -6.539795610303323e-02
-8.238238238238238e-01 -7.433004466007211e-02 -6.582503728368075e-02
-8.218218218218218e-01 -7.398384282945801e-02 -6.625549602989805e-02
-8.198198198198199e-01 -7.365117925170689e-02 -6.668936003447802e-02
-8.178178178178178e-01 -7.333249585762787e-02 -6.712665714763506e-02
-8.158158158158157e-01 -7.302821629418524e-02 -6.756741537499575e-02
-8.138138138138138e-01 -7.273874624087906e-02 -6.801166287546341e-02
-8.118118118118118e-01 -7.246447372257671e-02 -6.845942795895306e-02
-8.098098098098099e-01 -7.220576941882297e-02 -6.891073908399176e-02
-8.078078078078078e-01 -7.196298696965635e-02 -6.936562485518073e-02
-8.058058058058057e-01 -7.173646327795903e-02 -6.982411402051440e-02
-8.038038038038038e-01 -7.152651880836779e-02 -7.028623546855191e-02
-8.018018018018018e-01 -7.133345788277293e-02 -7.075201822543660e-02
-7.997997997997998e-01 -7.115756897243254e-02 -7.122149145175824e-02
-7.977977977977978e-01 -7.099912498672882e-02 -7.169468443925336e-02
-7.957957957957957e-01 -7.085838355859307e-02 -7.217162660733895e-02
-7.937937937937938e-01 -7.073558732662628e-02 -7.265234749947347e-02
-7.917917917917918e-01 -7.063096421394166e-02 -7.313687677934098e-02
-7.897897897897898e-01 -7.054472770375528e-02 -7.362524422685221e-02
-7.877877877877878e-01 -7.047707711175143e-02 -7.411747973395692e-02
-7.857857857857857e-01 -7.042819785524844e-02 -7.461361330026282e-02
-7.837837837837838e-01 -7.039826171919099e-02 -7.511367502845391e-02
-7.817817817817818e-01 -7.038742711899479e-02 -7.561769511950343e-02
-7.797797797797797e-01 -7.039583936026923e-02 -7.612570386767457e-02
-7.777777777777778e-01 -7.042363089544354e-02 -7.663773165530290e-02
-7.757757757757757e-01 -7.047092157732186e-02 -7.715380894735456e-02
-7.737737737737738e-01 -7.053781890959253e-02 -7.767396628575270e-02
-7.717717717717718e-01 -7.062441829431665e-02 -7.819823428346670e-02
-7.697697697697697e-01 -7.073080327642099e-02 -7.872664361835646e-02
-7.677677677677678e-01 -7.085704578522006e-02 -7.925922502676477e-02
-7.657657657657657e-01 -7.100320637299212e-02 -7.979600929685152e-02
-7.637637637637638e-01 -7.116933445063364e-02 -8.033702726166125e-02
-7.617617617617618e-01 -7.135546852041677e-02 -8.088230979191764e-02
-7.597597597597597e-01 -7.156163640587419e-02 -8.143188778853666e-02
-7.577577577577578e-01 -7.178785547883532e-02 -8.198579217485082e-02
-7.557557557557557e-01 -7.203413288363827e-02 -8.254405388853693e-02
-7.537537537537538e-01 -7.230046575854131e-02 -8.310670387323864e-02
-7.517517517517518e-01 -7.258684145435750e-02 -8.367377306987622e-02
-7.497497497497497e-01 -7.289323775033665e-02 -8.424529240763472e-02
-7.477477477477478e-01 -7.321962306731759e-02 -8.482129279462187e-02
-7.457457457457457e-01 -7.356595667817462e-02 -8.540180510818786e-02
-7.437437437437437e-01 -7.393218891558105e-02 -8.598686018489657e-02
-7.417417417417418e-01 -7.431826137711350e-02 -8.657648881014099e-02
-7.397397397397397e-01 -7.472410712771947e-02 -8.717072170739222e-02
-7.377377377377378e-01 -7.514965089957125e-02 -8.776958952707327e-02
-7.357357357357357e-01 -7.559480928932935e-02 -8.837312283504836e-02
-7.337337337337337e-01 -7.605949095283734e-02 -8.898135210071725e-02
-7.317317317317318e-01 -7.654359679727150e-02 -8.959430768470585e-02
-7.297297297297297e-01 -7.704702017076684e-02 -9.021201982614199e-02
-7.277277277277276e-01 -7.756964704954236e-02 -9.083451862950691e-02
-7.257257257257257e-01 -7.811135622254747e-02 -9.146183405105206e-02
-7.237237237237237e-01 -7.867201947365171e-02 -9.209399588477056e-02
-7.217217217217218e-01 -7.925150176139939e-02 -9.273103374791271e-02
-7.197197197197197e-01 -7.984966139635122e-02 -9.337297706603516e-02
-7.177177177177176e-01 -8.046635021603442e-02 -9.401985505757217e-02
-7.157157157157157e-01 -8.110141375752292e-02 -9.467169671791875e-02
-7.137137137137137e-01 -8.175469142766907e-02 -9.532853080301407e-02
-7.117117117117118e-01 -8.242601667100795e-02 -9.599038581241366e-02
-7.097097097097097e-01 -8.311521713535559e-02 -9.665728997183957e-02
-7.077077077077076e-01 -8.382211483512207e-02 -9.732927121519627e-02
-7.057057057057057e-01 -8.454652631236051e-02 -9.800635716604146e-02
-7.037037037037037e-01 -8.528826279557274e-02 -9.868857511849954e-02
-7.017017017017018e-01 -8.604713035629194e-02 -9.937595201760575e-02
-6.996996996996997e-01 -8.682293006346342e-02 -1.000685144390699e-01
-6.976976976976976e-01 -8.761545813564325e-02 -1.007662885684464e-01
-6.956956956956957e-01 -8.842450609103579e-02 -1.014693001797002e-01
-6.936936936936937e-01 -8.924986089538978e-02 -1.021775746131553e-01
-6.916916916916918e-01 -9.009130510777306e-02 -1.028911367528137e-01
-6.896896896896897e-01 -9.094861702424625e-02 -1.036100110030336e-01
-6.876876876876876e-01 -9.182157081945455e-02 -1.043342212645535e-01
-6.856856856856857e-01 -9.270993668615822e-02 -1.050637909098512e-01
-6.836836836836837e-01 -9.361348097272069e-02 -1.057987427578240e-01
-6.816816816816818e-01 -9.453196631857382e-02 -1.065390990477798e-01
-6.796796796796797e-01 -9.546515178767985e-02 -1.072848814127250e-01
-6.776776776776776e-01 -9.641279300000921e-02 -1.080361108519391e-01
-6.756756756756757e-01 -9.737464226105327e-02 -1.087928077028220e-01
-6.736736736736737e-01 -9.835044868939118e-02 -1.095549916120047e-01
-6.716716716716717e-01 -9.933995834232923e-02 -1.103226815057085e-01
-6.696696696696697e-01 -1.003429143396321e-01 -1.110958955593437e-01
-6.676676676676676e-01 -1.013590569853641e-01 -1.118746511663353e-01
-6.656656656656657e-01 -1.023881238878591e-01 -1.126589649061641e-01
-6.636636636636637e-01 -1.034298500778382e-01 -1.134488525116132e-01
-6.616616616616617e-01 -1.044839681246924e-01 -1.142443288352079e-01
-6.596596596596597e-01 -1.055502082509488e-01 -1.150454078148392e-01
-6.576576576576576e-01 -1.066282984449385e-01 -1.158521024385605e-01
-6.556556556556556e-01 -1.077179645716850e-01 -1.166644247085481e-01
-6.536536536536537e-01 -1.088189304820292e-01 -1.174823856042142e-01
-6.516516516516517e-01 -1.099309181200100e-01 -1.183059950444660e-01
-6.496496496496497e-01 -1.110536476285177e-01 -1.191352618490999e-01
-6.476476476476476e-01 -1.121868374532380e-01 -1.199701936993231e-01
-6.456456456456456e-01 -1.133302044449032e-01 -1.208107970973960e-01
-6.436436436436437e-01 -1.144834639598695e-01 -1.216570773253867e-01
-6.416416416416417e-01 -1.156463299590350e-01 -1.225090384030319e-01
-6.396396396396397e-01 -1.168185151051188e-01 -1.233666830446982e-01
-6.376376376376376e-01 -1.179997308583142e-01 -1.242300126154381e-01
-6.356356356356356e-01 -1.191896875703370e-01 -1.250990270861365e-01
-6.336336336336337e-01 -1.203880945768823e-01 -1.259737249877443e-01
-6.316316316316316e-01 -1.215946602885080e-01 -1.268541033645950e-01
-6.296296296296297e-01 -1.228090922799613e-01 -1.277401577268039e-01
-6.276276276276276e-01 -1.240310973779645e-01 -1.286318820017471e-01
-6.256256256256256e-01 -1.252603817474763e-01 -1.295292684846218e-01
-6.236236236236237e-01 -1.264966509764449e-01 -1.304323077880874e-01
-6.216216216216216e-01 -1.277396101590689e-01 -1.313409887909904e-01
-6.196196196196196e-01 -1.289889639775819e-01 -1.322552985861762e-01
-6.176176176176176e-01 -1.302444167825772e-01 -1.331752224273919e-01
-6.156156156156156e-01 -1.315056726718874e-01 -1.341007436752860e-01
-6.136136136136137e-01 -1.327724355680352e-01 -1.350318437425127e-01
-6.116116116116116e-01 -1.340444092942712e-01 -1.359685020379484e-01
-6.096096096096096e-01 -1.353212976492125e-01 -1.369106959100315e-01
-6.076076076076076e-01 -1.366028044801006e-01 -1.378584005892365e-01
-6.056056056056056e-01 -1.378886337546898e-01 -1.388115891296957e-01
-6.036036036036037e-01 -1.391784896317851e-01 -1.397702323499846e-01
-6.016016016016016e-01 -1.404720765304410e-01 -1.407342987730867e-01
-5.995995995995995e-01 -1.417690991978397e-01 -1.417037545655567e-01
-5.975975975975976e-01 -1.430692627758601e-01 -1.426785634759039e-01
-5.955955955955956e-01 -1.443722728663550e-01 -1.436586867722170e-01
-5.935935935935936e-01 -1.456778355951495e-01 -1.446440831790568e-01
-5.915915915915916e-01 -1.469856576747758e-01 -1.456347088136431e-01
-5.895895895895895e-01 -1.482954464659582e-01 -1.466305171213646e-01
-5.875875875875876e-01 -1.496069100378631e-01 -1.476314588106461e-01
-5.855855855855856e-01 -1.509197572271288e-01 -1.486374817872048e-01
-5.835835835835836e-01 -1.522336976956869e-01 -1.496485310877333e-01
-5.815815815815816e-01 -1.535484419873925e-01 -1.506645488130502e-01
-5.795795795795795e-01 -1.548637015834739e-01 -1.516854740607584e-01
-5.775775775775776e-01 -1.561791889568179e-01 -1.527112428574580e-01
-5.755755755755756e-01 -1.574946176251037e-01 -1.537417880905611e-01
-5.735735735735736e-01 -1.588097022027984e-01 -1.547770394397594e-01
-5.715715715715716e-01 -1.601241584520278e-01 -1.558169233081987e-01
-5.695695695695695e-01 -1.614377033323369e-01 -1.568613627534177e-01
-5.675675675675675e-01 -1.627500550493516e-01 -1.579102774181117e-01
-5.655655655655656e-01 -1.640609331023570e-01 -1.589635834607847e-01
-5.635635635635636e-01 -1.653700583308027e-01 -1.600211934863568e-01
-5.615615615615616e-01 -1.666771529597509e-01 -1.610830164767981e-01
-5.595595595595595e-01 -1.679819406442777e-01 -1.621489577218627e-01
-5.575575575575575e-01 -1.692841465128422e-01 -1.632189187500014e-01
-5.555555555555556e-01 -1.705834972096356e-01 -1.642927972595330e-01
-5.535535535535536e-01 -1.718797209359220e-01 -1.653704870501610e-01
-5.515515515515516e-01 -1.731725474903849e-01 -1.664518779549234e-01
-5.495495495495495e-01 -1.744617083084899e-01 -1.675368557726684e-01
-5.475475475475475e-01 -1.757469365008792e-01 -1.686253022011532e-01
-5.455455455455456e-01 -1.770279668908052e-01 -1.697170947708664e-01
-5.435435435435436e-01 -1.783045360506205e-01 -1.708121067796763e-01
-5.415415415415415e-01 -1.795763823373326e-01 -1.719102072284166e-01
-5.395395395395395e-01 -1.808432459272371e-01 -1.730112607575195e-01
-5.375375375375375e-01 -1.821048688496399e-01 -1.741151275848120e-01
-5.355355355355356e-01 -1.833609950196828e-01 -1.752216634445986e-01
-5.335335335335336e-01 -1.846113702702801e-01 -1.763307195281499e-01
-5.315315315315315e-01 -1.858557423831817e-01 -1.774421424257294e-01
-5.295295295295295e-01 -1.870938611191712e-01 -1.785557740702867e-01
-5.275275275275275e-01 -1.883254782474124e-01 -1.796714516829560e-01
-5.255255255255256e-01 -1.895503475739551e-01 -1.807890077204962e-01
-5.235235235235236e-01 -1.907682249694097e-01 -1.819082698248176e-01
-5.215215215215215e-01 -1.919788683958042e-01 -1.830290607747413e-01
-5.195195195195195e-01 -1.931820379326328e-01 -1.841511984401407e-01
-5.175175175175175e-01 -1.943774958021083e-01 -1.852744957386192e-01
-5.155155155155156e-01 -1.955650063936276e-01 -1.863987605948813e-01
-5.135135135135135e-01 -1.967443362874630e-01 -1.875237959029544e-01
-5.115115115115115e-01 -1.979152542776879e-01 -1.886493994914269e-01
-5.095095095095095e-01 -1.990775313943492e-01 -1.897753640918656e-01
-5.075075075075075e-01 -2.002309409248958e-01 -1.909014773105805e-01
-5.055055055055055e-01 -2.013752584348742e-01 -1.920275216039087e-01
-5.035035035035035e-01 -2.025102617879010e-01 -1.931532742571868e-01
-5.015015015015015e-01 -2.036357311649227e-01 -1.942785073675873e-01
-4.994994994994995e-01 -2.047514490827736e-01 -1.954029878309938e-01
-4.974974974974975e-01 -2.058572004120402e-01 -1.965264773330915e-01
-4.954954954954955e-01 -2.069527723942443e-01 -1.976487323448500e-01
-4.934934934934935e-01 -2.080379546583525e-01 -1.987695041225761e-01
-4.914914914914915e-01 -2.091125392366233e-01 -1.998885387127149e-01
-4.894894894894894e-01 -2.101763205798007e-01 -2.010055769615766e-01
-4.874874874874875e-01 -2.112290955716651e-01 -2.021203545301654e-01
-4.854854854854855e-01 -2.122706635429489e-01 -2.032326019142872e-01
-4.834834834834835e-01 -2.133008262846290e-01 -2.043420444701104e-01
-4.814814814814815e-01 -2.143193880606024e-01 -2.054484024453498e-01
-4.794794794794794e-01 -2.153261556197577e-01 -2.065513910162478e-01
-4.774774774774775e-01 -2.163209382074482e-01 -2.076507203305148e-01
-4.754754754754755e-01 -2.173035475763787e-01 -2.087460955563950e-01
-4.734734734734735e-01 -2.182737979969128e-01 -2.098372169380161e-01
-4.714714714714715e-01 -2.192315062668110e-01 -2.109237798571756e-01
-4.694694694694694e-01 -2.201764917204078e-01 -2.120054749017158e-01
-4.674674674674675e-01 -2.211085762372370e-01 -2.130819879406279e-01
-4.654654654654654e-01 -2.220275842501135e-01 -2.141530002060235e-01
-4.634634634634635e-01 -2.229333427526803e-01 -2.152181883821031e-01
-4.614614614614615e-01 -2.238256813064302e-01 -2.162772247012434e-01
-4.594594594594594e-01 -2.247044320472082e-01 -2.173297770473168e-01
-4.574574574574575e-01 -2.255694296912061e-01 -2.183755090663478e-01
-4.554554554554554e-01 -2.264205115404556e-01 -2.194140802846021e-01
-4.534534534534534e-01 -2.272575174878282e-01 -2.204451462341913e-01
-4.514514514514515e-01 -2.280802900215510e-01 -2.214683585862687e-01
-4.494494494494494e-01 -2.288886742292456e-01 -2.224833652918769e-01
-4.474474474474475e-01 -2.296825178014985e-01 -2.234898107304970e-01
-4.454454454454454e-01 -2.304616710349708e-01 -2.244873358663368e-01
-4.434434434434434e-01 -2.312259868350550e-01 -2.254755784123804e-01
-4.414414414414415e-01 -2.319753207180870e-01 -2.264541730022086e-01
-4.394394394394394e-01 -2.327095308131199e-01 -2.274227513695835e-01
-4.374374374374375e-01 -2.334284778632685e-01 -2.283809425357769e-01
-4.354354354354354e-01 -2.341320252266320e-01 -2.293283730046045e-01
-4.334334334334334e-01 -2.348200388768005e-01 -2.302646669651119e-01
-4.314314314314315e-01 -2.354923874029551e-01 -2.311894465018420e-01
-4.294294294294294e-01 -2.361489420095675e-01 -2.321023318125956e-01
-4.274274274274275e-01 -2.367895765157064e-01 -2.330029414335769e-01
-4.254254254254254e-01 -2.374141673539583e-01 -2.338908924718019e-01
-4.234234234234234e-01 -2.380225935689695e-01 -2.347658008446238e-01
-4.214214214214215e-01 -2.386147368156162e-01 -2.356272815262137e-01
-4.194194194194194e-01 -2.391904813568100e-01 -2.364749488008149e-01
-4.174174174174174e-01 -2.397497140609452e-01 -2.373084165225672e-01
-4.154154154154154e-01 -2.402923243989950e-01 -2.381272983816837e-01
-4.134134134134134e-01 -2.408182044412630e-01 -2.389312081767342e-01
-4.114114114114115e-01 -2.413272488537977e-01 -2.397197600927782e-01
-4.094094094094094e-01 -2.418193548944742e-01 -2.404925689850636e-01
-4.074074074074074e-01 -2.422944224087525e-01 -2.412492506679919e-01
-4.054054054054054e-01 -2.427523538251165e-01 -2.419894222090296e-01
-4.034034034034034e-01 -2.431930541502018e-01 -2.427127022272245e-01
-4.014014014014013e-01 -2.436164309636169e-01 -2.434187111959703e-01
-3.993993993993994e-01 -2.440223944124653e-01 -2.441070717496391e-01
-3.973973973973974e-01 -2.444108572055744e-01 -2.447774089936886e-01
-3.953953953953954e-01 -2.447817346074366e-01 -2.454293508178284e-01
-3.933933933933934e-01 -2.451349444318695e-01 -2.460625282118159e-01
-3.913913913913913e-01 -2.454704070354005e-01 -2.466765755834330e-01
-3.893893893893894e-01 -2.457880453103820e-01 -2.472711310781825e-01
-3.873873873873874e-01 -2.460877846778426e-01 -2.478458369002253e-01
-3.853853853853854e-01 -2.463695530800809e-01 -2.484003396340662e-01
-3.833833833833834e-01 -2.466332809730062e-01 -2.489342905664849e-01
-3.813813813813813e-01 -2.468789013182335e-01 -2.494473460081948e-01
-3.793793793793794e-01 -2.471063495749360e-01 -2.499391676147022e-01
-3.773773773773774e-01 -2.473155636914630e-01 -2.504094227058294e-01
-3.753753753753754e-01 -2.475064840967272e-01 -2.508577845833567e-01
-3.733733733733734e-01 -2.476790536913665e-01 -2.512839328462304e-01
-3.713713713713713e-01 -2.478332178386867e-01 -2.516875537027806e-01
-3.693693693693694e-01 -2.479689243553890e-01 -2.520683402793853e-01
-3.673673673673674e-01 -2.480861235020893e-01 -2.524259929250187e-01
-3.653653653653653e-01 -2.481847679736317e-01 -2.527602195111159e-01
-3.633633633633634e-01 -2.482648128892039e-01 -2.530707357261913e-01
-3.613613613613613e-01 -2.483262157822574e-01 -2.533572653646462e-01
-3.593593593593594e-01 -2.483689365902390e-01 -2.536195406092085e-01
-3.573573573573574e-01 -2.483929376441369e-01 -2.538573023064485e-01
-3.553553553553553e-01 -2.483981836578477e-01 -2.540703002348269e-01
-3.533533533533534e-01 -2.483846417173675e-01 -2.542582933647346e-01
-3.513513513513513e-01 -2.483522812698130e-01 -2.544210501099999e-01
-3.493493493493494e-01 -2.483010741122761e-01 -2.545583485703442e-01
-3.473473473473474e-01 -2.482309943805176e-01 -2.546699767642887e-01
-3.453453453453453e-01 -2.481420185375036e-01 -2.547557328520220e-01
-3.433433433433434e-01 -2.480341253617891e-01 -2.548154253477621e-01
-3.413413413413413e-01 -2.479072959357538e-01 -2.548488733211609e-01
-3.393393393393394e-01 -2.477615136336934e-01 -2.548559065873203e-01
-3.373373373373373e-01 -2.475967641097717e-01 -2.548363658850110e-01
-3.353353353353353e-01 -2.474130352858361e-01 -2.547901030427072e-01
-3.333333333333334e-01 -2.472103173391027e-01 -2.547169811320755e-01
-3.313313313313313e-01 -2.469886026897130e-01 -2.546168746085794e-01
-3.293293293293293e-01 -2.467478859881676e-01 -2.544896694388921e-01
-3.273273273273273e-01 -2.464881641026402e-01 -2.543352632148321e-01
-3.253253253253253e-01 -2.462094361061755e-01 -2.541535652535690e-01
-3.233233233233234e-01 -2.459117032637756e-01 -2.539444966838760e-01
-3.213213213213213e-01 -2.455949690193781e-01 -2.537079905182334e-01
-3.193193193193193e-01 -2.452592389827298e-01 -2.534439917106218e-01
-3.173173173173173e-01 -2.449045209161592e-01 -2.531524571998731e-01
-3.153153153153153e-01 -2.445308247212524e-01 -2.528333559384802e-01
-3.133133133133134e-01 -2.441381624254343e-01 -2.524866689068000e-01
-3.113113113113113e-01 -2.437265481684606e-01 -2.521123891126142e-01
-3.093093093093093e-01 -2.432959981888224e-01 -2.517105215760487e-01
-3.073073073073073e-01 -2.428465308100674e-01 -2.512810832998819e-01
-3.053053053053053e-01 -2.423781664270407e-01 -2.508241032253086e-01
-3.033033033033034e-01 -2.418909274920496e-01 -2.503396221732549e-01
-3.013013013013013e-01 -2.413848385009534e-01 -2.498276927713748e-01
-2.992992992992993e-01 -2.408599259791839e-01 -2.492883793668889e-01
-2.972972972972973e-01 -2.403162184676975e-01 -2.487217579254580e-01
-2.952952952952953e-01 -2.397537465088637e-01 -2.481279159163142e-01
-2.932932932932933e-01 -2.391725426322913e-01 -2.475069521839020e-01
-2.912912912912913e-01 -2.385726413405976e-01 -2.468589768063103e-01
-2.892892892892893e-01 -2.379540790951201e-01 -2.461841109408055e-01
-2.872872872872873e-01 -2.373168943015771e-01 -2.454824866567991e-01
-2.852852852852853e-01 -2.366611272956780e-01 -2.447542467566140e-01
-2.832832832832833e-01 -2.359868203286856e-01 -2.439995445844332e-01
-2.812812812812813e-01 -2.352940175529352e-01 -2.432185438238397e-01
-2.792792792792793e-01 -2.345827650073107e-01 -2.424114182843786e-01
-2.772772772772772e-01 -2.338531106026827e-01 -2.415783516775909e-01
-2.752752752752753e-01 -2.331051041073081e-01 -2.407195373829887e-01
-2.732732732732732e-01 -2.323387971321979e-01 -2.398351782044571e-01
-2.712712712712713e-01 -2.315542431164510e-01 -2.389254861175855e-01
-2.692692692692693e-01 -2.307514973125599e-01 -2.379906820084424e-01
-2.672672672672672e-01 -2.299306167716892e-01 -2.370309954043228e-01
-2.652652652652653e-01 -2.290916603289297e-01 -2.360466641970057e-01
-2.632632632632632e-01 -2.282346885885287e-01 -2.350379343590694e-01
-2.612612612612613e-01 -2.273597639091025e-01 -2.340050596538186e-01
-2.592592592592593e-01 -2.264669503888283e-01 -2.329483013393839e-01
-2.572572572572572e-01 -2.255563138506223e-01 -2.318679278675573e-01
-2.552552552552553e-01 -2.246279218273027e-01 -2.307642145779311e-01
-2.532532532532532e-01 -2.236818435467412e-01 -2.296374433879046e-01
-2.512512512512513e-01 -2.227181499170051e-01 -2.284879024791282e-01
-2.492492492492493e-01 -2.217369135114909e-01 -2.273158859809458e-01
-2.472472472472472e-01 -2.207382085540525e-01 -2.261216936513960e-01
-2.452452452452453e-01 -2.197221109041252e-01 -2.249056305563279e-01
-2.432432432432432e-01 -2.186886980418472e-01 -2.236680067471761e-01
-2.412412412412412e-01 -2.176380490531804e-01 -2.224091369379383e-01
-2.392392392392393e-01 -2.165702446150333e-01 -2.211293401818810e-01
-2.372372372372372e-01 -2.154853669803857e-01 -2.198289395484975e-01
-2.352352352352353e-01 -2.143834999634192e-01 -2.185082618012228e-01
-2.332332332332332e-01 -2.132647289246521e-01 -2.171676370764007e-01
-2.312312312312312e-01 -2.121291407560843e-01 -2.158073985639865e-01
-2.292292292292293e-01 -2.109768238663492e-01 -2.144278821904480e-01
-2.272272272272272e-01 -2.098078681658781e-01 -2.130294263043203e-01
-2.252252252252253e-01 -2.086223650520756e-01 -2.116123713648446e-01
-2.232232232232232e-01 -2.074204073945093e-01 -2.101770596341110e-01
-2.212212212212212e-01 -2.062020895201140e-01 -2.087238348731048e-01
-2.192192192192193e-01 -2.049675071984126e-01 -2.072530420420377e-01
-2.172172172172172e-01 -2.037167576267534e-01 -2.057650270053268e-01
-2.152152152152152e-01 -2.024499394155686e-01 -2.042601362415663e-01
-2.132132132132132e-01 -2.011671525736498e-01 -2.027387165588154e-01
-2.112112112112112e-01 -1.998684984934473e-01 -2.012011148155091e-01
-2.092092092092092e-01 -1.985540799363895e-01 -1.996476776472758e-01
-2.072072072072072e-01 -1.972240010182279e-01 -1.980787511999296e-01
-2.052052052052052e-01 -1.958783671944049e-01 -1.964946808688799e-01
-2.032032032032032e-01 -1.945172852454472e-01 -1.948958110451884e-01
-2.012012012012012e-01 -1.931408632623876e-01 -1.932824848684765e-01
-1.991991991991992e-01 -1.917492106322112e-01 -1.916550439868722e-01
-1.971971971971972e-01 -1.903424380233326e-01 -1.900138283241632e-01
-1.951951951951952e-01 -1.889206573711007e-01 -1.883591758543049e-01
-1.931931931931932e-01 -1.874839818633347e-01 -1.866914223834131e-01
-1.911911911911912e-01 -1.860325259258905e-01 -1.850109013393547e-01
-1.891891891891891e-01 -1.845664052082580e-01 -1.833179435690259e-01
-1.871871871871872e-01 -1.830857365691929e-01 -1.816128771433997e-01
-1.851851851851852e-01 -1.815906380623790e-01 -1.798960271703963e-01
-1.831831831831832e-01 -1.800812289221269e-01 -1.781677156156235e-01
-1.811811811811812e-01 -1.785576295491053e-01 -1.764282611310115e-01
-1.791791791791791e-01 -1.770199614961083e-01 -1.746779788913533e-01
-1.771771771771772e-01 -1.754683474538582e-01 -1.729171804387493e-01
-1.751751751751752e-01 -1.739029112368445e-01 -1.711461735349361e-01
-1.731731731731732e-01 -1.723237777691993e-01 -1.693652620214705e-01
-1.711711711711712e-01 -1.707310730706110e-01 -1.675747456877232e-01
-1.691691691691691e-01 -1.691249242422742e-01 -1.657749201466264e-01
-1.671671671671672e-01 -1.675054594528794e-01 -1.639660767181088e-01
-1.651651651651652e-01 -1.658728079246397e-01 -1.621485023201361e-01
-1.631631631631631e-01 -1.642270999193574e-01 -1.603224793672715e-01
-1.611611611611612e-01 -1.625684667245296e-01 -1.584882856766560e-01
-1.591591591591591e-01 -1.608970406394931e-01 -1.566461943812989e-01
-1.571571571571572e-01 -1.592129549616101e-01 -1.547964738505677e-01
-1.551551551551551e-01 -1.575163439724921e-01 -1.529393876177478e-01
-1.531531531531531e-01 -1.558073429242665e-01 -1.510751943145468e-01
-1.511511511511512e-01 -1.540860880258819e-01 -1.492041476124022e-01
-1.491491491491491e-01 -1.523527164294551e-01 -1.473264961704533e-01
-1.471471471471472e-01 -1.506073662166588e-01 -1.454424835900275e-01
-1.451451451451451e-01 -1.488501763851497e-01 -1.435523483754874e-01
-1.431431431431431e-01 -1.470812868350391e-01 -1.416563239012870e-01
-1.411411411411412e-01 -1.453008383554027e-01 -1.397546383850701e-01
-1.391391391391391e-01 -1.435089726108332e-01 -1.378475148666550e-01
-1.371371371371372e-01 -1.417058321280338e-01 -1.359351711927356e-01
-1.351351351351351e-01 -1.398915602824521e-01 -1.340178200071331e-01
-1.331331331331331e-01 -1.380663012849567e-01 -1.320956687464304e-01
-1.311311311311312e-01 -1.362302001685530e-01 -1.301689196408191e-01
-1.291291291291291e-01 -1.343834027751419e-01 -1.282377697199876e-01
-1.271271271271271e-01 -1.325260557423188e-01 -1.263024108238836e-01
-1.251251251251251e-01 -1.306583064902126e-01 -1.243630296181758e-01
-1.231231231231231e-01 -1.287803032083674e-01 -1.224198076142508e-01
-1.211211211211212e-01 -1.268921948426622e-01 -1.204729211935720e-01
-1.191191191191191e-01 -1.249941310822730e-01 -1.185225416362368e-01
-1.171171171171171e-01 -1.230862623466749e-01 -1.165688351535650e-01
-1.151151151151151e-01 -1.211687397726822e-01 -1.146119629245543e-01
-1.131131131131131e-01 -1.192417152015308e-01 -1.126520811360433e-01
-1.111111111111112e-01 -1.173053411659982e-01 -1.106893410264197e-01
-1.091091091091091e-01 -1.153597708775626e-01 -1.087238889327213e-01
-1.071071071071071e-01 -1.134051582136027e-01 -1.067558663409730e-01
-1.051051051051051e-01 -1.114416577046335e-01 -1.047854099396096e-01
-1.031031031031031e-01 -1.094694245215814e-01 -1.028126516758396e-01
-1.011011011011012e-01 -1.074886144630976e-01 -1.008377188148016e-01
-9.909909909909909e-02 -1.054993839429073e-01 -9.886073400137707e-02
-9.709709709709713e-02 -1.035018899771980e-01 -9.688181532452017e-02
-9.509509509509506e-02 -1.014962901720416e-01 -9.490107638397077e-02
-9.309309309309310e-02 -9.948274271085582e-02 -9.291862635922420e-02
-9.109109109109104e-02 -9.746140634189761e-02 -9.093457008062855e-02
-8.908908908908908e-02 -9.543244036579554e-02 -8.894900810249150e-02
-8.708708708708712e-02 -9.339600462311357e-02 -8.696203677807561e-02
-8.508508508508505e-02 -9.135225948195101e-02 -8.497374833637167e-02
-8.308308308308310e-02 -8.930136582557567e-02 -8.298423096053877e-02
-8.108108108108103e-02 -8.724348504008925e-02 -8.099356886790537e-02
-7.907907907907907e-02 -8.517877900212686e-02 -7.900184239143236e-02
-7.707707707707712e-02 -8.310741006658695e-02 -7.700912806253740e-02
-7.507507507507505e-02 -8.102954105439354e-02 -7.501549869519049e-02
-7.307307307307309e-02 -7.894533524028960e-02 -7.302102347118999e-02
-7.107107107107102e-02 -7.685495634065900e-02 -7.102576802653322e-02
-6.906906906906907e-02 -7.475856850138066e-02 -6.902979453880272e-02
-6.706706706706711e-02 -7.265633628570850e-02 -6.703316181548781e-02
-6.506506506506504e-02 -7.054842466218274e-02 -6.503592538317045e-02
-6.306306306306309e-02 -6.843499899256678e-02 -6.303813757750480e-02
-6.106106106106102e-02 -6.631622501981153e-02 -6.103984763392312e-02
-5.905905905905906e-02 -6.419226885604701e-02 -5.904110177900837e-02
-5.705705705705710e-02 -6.206329697059792e-02 -5.704194332247189e-02
-5.505505505505504e-02 -5.992947617802532e-02 -5.504241274968263e-02
-5.305305305305308e-02 -5.779097362619241e-02 -5.304254781469599e-02
-5.105105105105101e-02 -5.564795678435275e-02 -5.104238363373154e-02
-4.904904904904905e-02 -5.350059343126278e-02 -4.904195277905776e-02
-4.704704704704710e-02 -5.134905164331478e-02 -4.704128537323758e-02
-4.504504504504503e-02 -4.919349978269174e-02 -4.504040918369855e-02
-4.304304304304307e-02 -4.703410648554354e-02 -4.303934971759010e-02
-4.104104104104100e-02 -4.487104065018064e-02 -4.103813031689306e-02
-3.903903903903905e-02 -4.270447142528934e-02 -3.903677225375356e-02
-3.703703703703709e-02 -4.053456819816244e-02 -3.703529482600962e-02
-3.503503503503502e-02 -3.836150058294997e-02 -3.503371545288736e-02
-3.303303303303307e-02 -3.618543840892442e-02 -3.303204977084254e-02
-3.103103103103100e-02 -3.400655170876185e-02 -3.103031172952494e-02
-2.902902902902904e-02 -3.182501070683980e-02 -2.902851368784957e-02
-2.702702702702697e-02 -2.964098580754632e-02 -2.702666651015422e-02
-2.502502502502502e-02 -2.745464758360550e-02 -2.502477966243195e-02
-2.302302302302306e-02 -2.526616676441209e-02 -2.302286130862180e-02
-2.102102102102099e-02 -2.307571422438090e-02 -2.102091840694916e-02
-1.901901901901903e-02 -2.088346097130466e-02 -1.901895680630445e-02
-1.701701701701697e-02 -1.868957813472250e-02 -1.701698134265094e-02
-1.501501501501501e-02 -1.649423695429836e-02 -1.501499593545695e-02
-1.301301301301305e-02 -1.429760876820635e-02 -1.301300368414355e-02
-1.101101101101098e-02 -1.209986500152343e-02 -1.101100696454556e-02
-9.009009009009028e-03 -9.901177154630550e-03 -9.009007525380953e-03
-7.007007007006960e-03 -7.701716791616348e-03 -7.007006584724793e-03
-5.005005005005003e-03 -5.501655528688866e-03 -5.005004926488205e-03
-3.003003003003046e-03 -3.301165022588200e-03 -3.003002996897580e-03
-1.001001001000978e-03 -1.100416959004110e-03 -1.001001000975853e-03
1.001001001001089e-03 1.100416959004123e-03 1.001001000975964e-03
3.003003003003046e-03 3.301165022587981e-03 3.003002996897580e-03
5.005005005005003e-03 5.501655528688788e-03 5.005004926488205e-03
7.007007007006960e-03 7.701716791616259e-03 7.007006584724793e-03
9.009009009008917e-03 9.901177154630254e-03 9.009007525380842e-03
1.101101101101110e-02 1.209986500152342e-02 1.101100696454567e-02
1.301301301301305e-02 1.429760876820618e-02 1.301300368414355e-02
1.501501501501501e-02 1.649423695429827e-02 1.501499593545695e-02
1.701701701701697e-02 1.868957813472236e-02 1.701698134265094e-02
1.901901901901892e-02 2.088346097130444e-02 1.901895680630434e-02
2.102102102102110e-02 2.307571422438100e-02 2.102091840694927e-02
2.302302302302306e-02 2.526616676441204e-02 2.302286130862180e-02
2.502502502502502e-02 2.745464758360540e-02 2.502477966243195e-02
2.702702702702697e-02 2.964098580754632e-02 2.702666651015422e-02
2.902902902902893e-02 3.182501070683953e-02 2.902851368784946e-02
3.103103103103111e-02 3.400655170876190e-02 3.103031172952505e-02
3.303303303303307e-02 3.618543840892429e-02 3.303204977084254e-02
3.503503503503502e-02 3.836150058295001e-02 3.503371545288736e-02
3.703703703703698e-02 4.053456819816224e-02 3.703529482600951e-02
3.903903903903894e-02 4.270447142528901e-02 3.903677225375345e-02
4.104104104104112e-02 4.487104065018067e-02 4.103813031689317e-02
4.304304304304307e-02 4.703410648554347e-02 4.303934971759010e-02
4.504504504504503e-02 4.919349978269164e-02 4.504040918369855e-02
4.704704704704699e-02 5.134905164331452e-02 4.704128537323747e-02
4.904904904904894e-02 5.350059343126257e-02 4.904195277905765e-02
5.105105105105112e-02 5.564795678435274e-02 5.104238363373165e-02
5.305305305305308e-02 5.779097362619221e-02 5.304254781469599e-02
5.505505505505504e-02 5.992947617802525e-02 5.504241274968263e-02
5.705705705705699e-02 6.206329697059771e-02 5.704194332247178e-02
5.905905905905895e-02 6.419226885604686e-02 5.904110177900826e-02
6.106106106106113e-02 6.631622501981159e-02 6.103984763392323e-02
6.306306306306309e-02 6.843499899256661e-02 6.303813757750480e-02
6.506506506506504e-02 7.054842466218268e-02 6.503592538317045e-02
6.706706706706700e-02 7.265633628570832e-02 6.703316181548770e-02
6.906906906906918e-02 7.475856850138062e-02 6.902979453880283e-02
7.107107107107113e-02 7.685495634065899e-02 7.102576802653333e-02
7.307307307307309e-02 7.894533524028942e-02 7.302102347118999e-02
7.507507507507505e-02 8.102954105439350e-02 7.501549869519049e-02
7.707707707707701e-02 8.310741006658685e-02 7.700912806253729e-02
7.907907907907918e-02 8.517877900212693e-02 7.900184239143247e-02
8.108108108108114e-02 8.724348504008914e-02 8.099356886790549e-02
8.308308308308310e-02 8.930136582557552e-02 8.298423096053877e-02
8.508508508508505e-02 9.135225948195091e-02 8.497374833637167e-02
8.708708708708701e-02 9.339600462311340e-02 8.696203677807550e-02
8.908908908908919e-02 9.543244036579543e-02 8.894900810249161e-02
9.109109109109115e-02 9.746140634189747e-02 9.093457008062866e-02
9.309309309309310e-02 9.948274271085567e-02 9.291862635922420e-02
9.509509509509506e-02 1.014962901720415e-01 9.490107638397077e-02
9.709709709709702e-02 1.035018899771977e-01 9.688181532452006e-02
9.909909909909920e-02 1.054993839429072e-01 9.886073400137718e-02
1.011011011011012e-01 1.074886144630975e-01 1.008377188148016e-01
1.031031031031031e-01 1.094694245215813e-01 1.028126516758396e-01
1.051051051051051e-01 1.114416577046333e-01 1.047854099396096e-01
1.071071071071070e-01 1.134051582136025e-01 1.067558663409729e-01
1.091091091091092e-01 1.153597708775625e-01 1.087238889327214e-01
1.111111111111112e-01 1.173053411659981e-01 1.106893410264197e-01
1.131131131131131e-01 1.192417152015306e-01 1.126520811360433e-01
1.151151151151151e-01 1.211687397726819e-01 1.146119629245543e-01
1.171171171171170e-01 1.230862623466747e-01 1.165688351535649e-01
1.191191191191192e-01 1.249941310822729e-01 1.185225416362369e-01
1.211211211211212e-01 1.268921948426621e-01 1.204729211935720e-01
1.231231231231231e-01 1.287803032083672e-01 1.224198076142508e-01
1.251251251251251e-01 1.306583064902127e-01 1.243630296181758e-01
1.271271271271270e-01 1.325260557423185e-01 1.263024108238835e-01
1.291291291291292e-01 1.343834027751418e-01 1.282377697199877e-01
1.311311311311312e-01 1.362302001685526e-01 1.301689196408191e-01
1.331331331331331e-01 1.380663012849565e-01 1.320956687464304e-01
1.351351351351351e-01 1.398915602824518e-01 1.340178200071331e-01
1.371371371371370e-01 1.417058321280334e-01 1.359351711927355e-01
1.391391391391392e-01 1.435089726108331e-01 1.378475148666551e-01
1.411411411411412e-01 1.453008383554024e-01 1.397546383850701e-01
1.431431431431431e-01 1.470812868350389e-01 1.416563239012870e-01
1.451451451451451e-01 1.488501763851496e-01 1.435523483754874e-01
1.471471471471471e-01 1.506073662166586e-01 1.454424835900274e-01
1.491491491491492e-01 1.523527164294550e-01 1.473264961704535e-01
1.511511511511512e-01 1.540860880258817e-01 1.492041476124022e-01
1.531531531531531e-01 1.558073429242662e-01 1.510751943145468e-01
1.551551551551551e-01 1.575163439724918e-01 1.529393876177478e-01
1.571571571571571e-01 1.592129549616098e-01 1.547964738505676e-01
1.591591591591592e-01 1.608970406394931e-01 1.566461943812990e-01
1.611611611611612e-01 1.625684667245295e-01 1.584882856766560e-01
1.631631631631631e-01 1.642270999193571e-01 1.603224793672715e-01
1.651651651651651e-01 1.658728079246392e-01 1.621485023201359e-01
1.671671671671671e-01 1.675054594528791e-01 1.639660767181086e-01
1.691691691691692e-01 1.691249242422741e-01 1.657749201466265e-01
1.711711711711712e-01 1.707310730706106e-01 1.675747456877232e-01
1.731731731731732e-01 1.723237777691992e-01 1.693652620214705e-01
1.751751751751751e-01 1.739029112368440e-01 1.711461735349361e-01
1.771771771771771e-01 1.754683474538582e-01 1.729171804387492e-01
1.791791791791792e-01 1.770199614961083e-01 1.746779788913534e-01
1.811811811811812e-01 1.785576295491051e-01 1.764282611310115e-01
1.831831831831832e-01 1.800812289221266e-01 1.781677156156235e-01
1.851851851851851e-01 1.815906380623788e-01 1.798960271703962e-01
1.871871871871871e-01 1.830857365691923e-01 1.816128771433996e-01
1.891891891891893e-01 1.845664052082579e-01 1.833179435690260e-01
1.911911911911912e-01 1.860325259258902e-01 1.850109013393547e-01
1.931931931931932e-01 1.874839818633344e-01 1.866914223834131e-01
1.951951951951951e-01 1.889206573711003e-01 1.883591758543048e-01
1.971971971971973e-01 1.903424380233324e-01 1.900138283241633e-01
1.991991991991993e-01 1.917492106322110e-01 1.916550439868723e-01
2.012012012012012e-01 1.931408632623873e-01 1.932824848684765e-01
2.032032032032032e-01 1.945172852454468e-01 1.948958110451884e-01
2.052052052052051e-01 1.958783671944043e-01 1.964946808688799e-01
2.072072072072073e-01 1.972240010182277e-01 1.980787511999297e-01
2.092092092092093e-01 1.985540799363893e-01 1.996476776472759e-01
2.112112112112112e-01 1.998684984934468e-01 2.012011148155091e-01
2.132132132132132e-01 2.011671525736494e-01 2.027387165588154e-01
2.152152152152151e-01 2.024499394155682e-01 2.042601362415662e-01
2.172172172172173e-01 2.037167576267531e-01 2.057650270053269e-01
2.192192192192193e-01 2.049675071984124e-01 2.072530420420377e-01
2.212212212212212e-01 2.062020895201137e-01 2.087238348731048e-01
2.232232232232232e-01 2.074204073945088e-01 2.101770596341110e-01
2.252252252252251e-01 2.086223650520753e-01 2.116123713648446e-01
2.272272272272273e-01 2.098078681658778e-01 2.130294263043204e-01
2.292292292292293e-01 2.109768238663489e-01 2.144278821904480e-01
2.312312312312312e-01 2.121291407560839e-01 2.158073985639865e-01
2.332332332332332e-01 2.132647289246518e-01 2.171676370764007e-01
2.352352352352352e-01 2.143834999634188e-01 2.185082618012227e-01
2.372372372372373e-01 2.154853669803853e-01 2.198289395484976e-01
2.392392392392393e-01 2.165702446150328e-01 2.211293401818810e-01
2.412412412412412e-01 2.176380490531801e-01 2.224091369379383e-01
2.432432432432432e-01 2.186886980418470e-01 2.236680067471761e-01
2.452452452452452e-01 2.197221109041251e-01 2.249056305563278e-01
2.472472472472473e-01 2.207382085540522e-01 2.261216936513961e-01
2.492492492492493e-01 2.217369135114906e-01 2.273158859809458e-01
2.512512512512513e-01 2.227181499170046e-01 2.284879024791282e-01
2.532532532532532e-01 2.236818435467410e-01 2.296374433879046e-01
2.552552552552552e-01 2.246279218273022e-01 2.307642145779310e-01
2.572572572572573e-01 2.255563138506219e-01 2.318679278675574e-01
2.592592592592593e-01 2.264669503888278e-01 2.329483013393839e-01
2.612612612612613e-01 2.273597639091022e-01 2.340050596538186e-01
2.632632632632632e-01 2.282346885885285e-01 2.350379343590694e-01
2.652652652652652e-01 2.290916603289292e-01 2.360466641970057e-01
2.672672672672673e-01 2.299306167716889e-01 2.370309954043228e-01
2.692692692692693e-01 2.307514973125593e-01 2.379906820084424e-01
2.712712712712713e-01 2.315542431164505e-01 2.389254861175855e-01
2.732732732732732e-01 2.323387971321974e-01 2.398351782044571e-01
2.752752752752752e-01 2.331051041073077e-01 2.407195373829886e-01
2.772772772772774e-01 2.338531106026823e-01 2.415783516775909e-01
2.792792792792793e-01 2.345827650073103e-01 2.424114182843786e-01
2.812812812812813e-01 2.352940175529349e-01 2.432185438238397e-01
2.832832832832832e-01 2.359868203286849e-01 2.439995445844332e-01
2.852852852852852e-01 2.366611272956774e-01 2.447542467566140e-01
2.872872872872874e-01 2.373168943015765e-01 2.454824866567991e-01
2.892892892892893e-01 2.379540790951196e-01 2.461841109408055e-01
2.912912912912913e-01 2.385726413405971e-01 2.468589768063103e-01
2.932932932932932e-01 2.391725426322909e-01 2.475069521839019e-01
2.952952952952952e-01 2.397537465088631e-01 2.481279159163141e-01
2.972972972972974e-01 2.403162184676972e-01 2.487217579254580e-01
2.992992992992993e-01 2.408599259791834e-01 2.492883793668889e-01
3.013013013013013e-01 2.413848385009529e-01 2.498276927713748e-01
3.033033033033032e-01 2.418909274920490e-01 2.503396221732549e-01
3.053053053053052e-01 2.423781664270402e-01 2.508241032253085e-01
3.073073073073074e-01 2.428465308100668e-01 2.512810832998819e-01
3.093093093093093e-01 2.432959981888219e-01 2.517105215760487e-01
3.113113113113113e-01 2.437265481684603e-01 2.521123891126142e-01
3.133133133133132e-01 2.441381624254339e-01 2.524866689068000e-01
3.153153153153154e-01 2.445308247212521e-01 2.528333559384802e-01
3.173173173173174e-01 2.449045209161587e-01 2.531524571998731e-01
3.193193193193193e-01 2.452592389827291e-01 2.534439917106218e-01
3.213213213213213e-01 2.455949690193776e-01 2.537079905182334e-01
3.233233233233233e-01 2.459117032637749e-01 2.539444966838760e-01
3.253253253253254e-01 2.462094361061749e-01 2.541535652535690e-01
3.273273273273274e-01 2.464881641026397e-01 2.543352632148321e-01
3.293293293293293e-01 2.467478859881672e-01 2.544896694388921e-01
3.313313313313313e-01 2.469886026897123e-01 2.546168746085794e-01
3.333333333333333e-01 2.472103173391020e-01 2.547169811320755e-01
3.353353353353354e-01 2.474130352858355e-01 2.547901030427072e-01
3.373373373373374e-01 2.475967641097709e-01 2.548363658850110e-01
3.393393393393394e-01 2.477615136336929e-01 2.548559065873203e-01
3.413413413413413e-01 2.479072959357534e-01 2.548488733211609e-01
3.433433433433433e-01 2.480341253617886e-01 2.548154253477621e-01
3.453453453453454e-01 2.481420185375027e-01 2.547557328520220e-01
3.473473473473474e-01 2.482309943805172e-01 2.546699767642887e-01
3.493493493493494e-01 2.483010741122758e-01 2.545583485703442e-01
3.513513513513513e-01 2.483522812698122e-01 2.544210501099999e-01
3.533533533533533e-01 2.483846417173669e-01 2.542582933647346e-01
3.553553553553555e-01 2.483981836578467e-01 2.540703002348269e-01
3.573573573573574e-01 2.483929376441364e-01 2.538573023064485e-01
3.593593593593594e-01 2.483689365902382e-01 2.536195406092085e-01
3.613613613613613e-01 2.483262157822568e-01 2.533572653646462e-01
3.633633633633633e-01 2.482648128892031e-01 2.530707357261913e-01
3.653653653653655e-01 2.481847679736309e-01 2.527602195111159e-01
3.673673673673674e-01 2.480861235020890e-01 2.524259929250187e-01
3.693693693693694e-01 2.479689243553888e-01 2.520683402793853e-01
3.713713713713713e-01 2.478332178386859e-01 2.516875537027806e-01
3.733733733733733e-01 2.476790536913658e-01 2.512839328462305e-01
3.753753753753755e-01 2.475064840967264e-01 2.508577845833567e-01
3.773773773773774e-01 2.473155636914620e-01 2.504094227058294e-01
3.793793793793794e-01 2.471063495749353e-01 2.499391676147022e-01
3.813813813813813e-01 2.468789013182328e-01 2.494473460081948e-01
3.833833833833833e-01 2.466332809730056e-01 2.489342905664849e-01
3.853853853853855e-01 2.463695530800804e-01 2.484003396340662e-01
3.873873873873874e-01 2.460877846778418e-01 2.478458369002253e-01
3.893893893893894e-01 2.457880453103808e-01 2.472711310781825e-01
3.913913913913913e-01 2.454704070353995e-01 2.466765755834330e-01
3.933933933933933e-01 2.451349444318691e-01 2.460625282118160e-01
3.953953953953955e-01 2.447817346074360e-01 2.454293508178284e-01
3.973973973973974e-01 2.444108572055731e-01 2.447774089936886e-01
3.993993993993994e-01 2.440223944124641e-01 2.441070717496391e-01
4.014014014014013e-01 2.436164309636162e-01 2.434187111959703e-01
4.034034034034033e-01 2.431930541502010e-01 2.427127022272246e-01
4.054054054054055e-01 2.427523538251158e-01 2.419894222090295e-01
4.074074074074074e-01 2.422944224087519e-01 2.412492506679919e-01
4.094094094094094e-01 2.418193548944731e-01 2.404925689850636e-01
4.114114114114114e-01 2.413272488537967e-01 2.397197600927783e-01
4.134134134134133e-01 2.408182044412618e-01 2.389312081767343e-01
4.154154154154155e-01 2.402923243989940e-01 2.381272983816837e-01
4.174174174174174e-01 2.397497140609444e-01 2.373084165225672e-01
4.194194194194194e-01 2.391904813568094e-01 2.364749488008149e-01
4.214214214214214e-01 2.386147368156154e-01 2.356272815262138e-01
4.234234234234233e-01 2.380225935689684e-01 2.347658008446238e-01
4.254254254254255e-01 2.374141673539575e-01 2.338908924718018e-01
4.274274274274275e-01 2.367895765157052e-01 2.330029414335769e-01
4.294294294294294e-01 2.361489420095662e-01 2.321023318125956e-01
4.314314314314314e-01 2.354923874029539e-01 2.311894465018421e-01
4.334334334334333e-01 2.348200388768001e-01 2.302646669651119e-01
4.354354354354355e-01 2.341320252266310e-01 2.293283730046045e-01
4.374374374374375e-01 2.334284778632681e-01 2.283809425357769e-01
4.394394394394394e-01 2.327095308131188e-01 2.274227513695835e-01
4.414414414414414e-01 2.319753207180860e-01 2.264541730022086e-01
4.434434434434436e-01 2.312259868350535e-01 2.254755784123803e-01
4.454454454454455e-01 2.304616710349700e-01 2.244873358663368e-01
4.474474474474475e-01 2.296825178014974e-01 2.234898107304970e-01
4.494494494494494e-01 2.288886742292446e-01 2.224833652918769e-01
4.514514514514514e-01 2.280802900215500e-01 2.214683585862688e-01
4.534534534534536e-01 2.272575174878274e-01 2.204451462341912e-01
4.554554554554555e-01 2.264205115404546e-01 2.194140802846020e-01
4.574574574574575e-01 2.255694296912049e-01 2.183755090663478e-01
4.594594594594594e-01 2.247044320472064e-01 2.173297770473168e-01
4.614614614614614e-01 2.238256813064286e-01 2.162772247012435e-01
4.634634634634636e-01 2.229333427526800e-01 2.152181883821030e-01
4.654654654654655e-01 2.220275842501119e-01 2.141530002060234e-01
4.674674674674675e-01 2.211085762372364e-01 2.130819879406279e-01
4.694694694694694e-01 2.201764917204070e-01 2.120054749017158e-01
4.714714714714714e-01 2.192315062668103e-01 2.109237798571757e-01
4.734734734734736e-01 2.182737979969123e-01 2.098372169380160e-01
4.754754754754755e-01 2.173035475763778e-01 2.087460955563950e-01
4.774774774774775e-01 2.163209382074468e-01 2.076507203305148e-01
4.794794794794794e-01 2.153261556197564e-01 2.065513910162478e-01
4.814814814814814e-01 2.143193880606012e-01 2.054484024453498e-01
4.834834834834836e-01 2.133008262846274e-01 2.043420444701103e-01
4.854854854854855e-01 2.122706635429469e-01 2.032326019142872e-01
4.874874874874875e-01 2.112290955716636e-01 2.021203545301654e-01
4.894894894894894e-01 2.101763205798003e-01 2.010055769615766e-01
4.914914914914914e-01 2.091125392366224e-01 1.998885387127149e-01
4.934934934934936e-01 2.080379546583506e-01 1.987695041225760e-01
4.954954954954955e-01 2.069527723942421e-01 1.976487323448500e-01
4.974974974974975e-01 2.058572004120386e-01 1.965264773330915e-01
4.994994994994995e-01 2.047514490827724e-01 1.954029878309938e-01
5.015015015015014e-01 2.036357311649215e-01 1.942785073675873e-01
5.035035035035036e-01 2.025102617878993e-01 1.931532742571867e-01
5.055055055055055e-01 2.013752584348728e-01 1.920275216039087e-01
5.075075075075075e-01 2.002309409248941e-01 1.909014773105805e-01
5.095095095095095e-01 1.990775313943471e-01 1.897753640918656e-01
5.115115115115114e-01 1.979152542776869e-01 1.886493994914270e-01
5.135135135135136e-01 1.967443362874614e-01 1.875237959029544e-01
5.155155155155156e-01 1.955650063936259e-01 1.863987605948813e-01
5.175175175175175e-01 1.943774958021064e-01 1.852744957386192e-01
5.195195195195195e-01 1.931820379326314e-01 1.841511984401407e-01
5.215215215215214e-01 1.919788683958029e-01 1.830290607747414e-01
5.235235235235236e-01 1.907682249694075e-01 1.819082698248176e-01
5.255255255255256e-01 1.895503475739542e-01 1.807890077204962e-01
5.275275275275275e-01 1.883254782474105e-01 1.796714516829560e-01
5.295295295295295e-01 1.870938611191696e-01 1.785557740702867e-01
5.315315315315314e-01 1.858557423831804e-01 1.774421424257294e-01
5.335335335335336e-01 1.846113702702783e-01 1.763307195281499e-01
5.355355355355356e-01 1.833609950196812e-01 1.752216634445986e-01
5.375375375375375e-01 1.821048688496383e-01 1.741151275848120e-01
5.395395395395395e-01 1.808432459272346e-01 1.730112607575195e-01
5.415415415415414e-01 1.795763823373311e-01 1.719102072284167e-01
5.435435435435436e-01 1.783045360506189e-01 1.708121067796763e-01
5.455455455455456e-01 1.770279668908026e-01 1.697170947708664e-01
5.475475475475475e-01 1.757469365008779e-01 1.686253022011532e-01
5.495495495495495e-01 1.744617083084893e-01 1.675368557726684e-01
5.515515515515514e-01 1.731725474903838e-01 1.664518779549235e-01
5.535535535535536e-01 1.718797209359195e-01 1.653704870501610e-01
5.555555555555556e-01 1.705834972096330e-01 1.642927972595330e-01
5.575575575575575e-01 1.692841465128396e-01 1.632189187500014e-01
5.595595595595595e-01 1.679819406442762e-01 1.621489577218627e-01
5.615615615615615e-01 1.666771529597494e-01 1.610830164767982e-01
5.635635635635636e-01 1.653700583308017e-01 1.600211934863568e-01
5.655655655655656e-01 1.640609331023551e-01 1.589635834607847e-01
5.675675675675675e-01 1.627500550493492e-01 1.579102774181117e-01
5.695695695695695e-01 1.614377033323356e-01 1.568613627534177e-01
5.715715715715717e-01 1.601241584520255e-01 1.558169233081986e-01
5.735735735735736e-01 1.588097022027962e-01 1.547770394397594e-01
5.755755755755756e-01 1.574946176251027e-01 1.537417880905611e-01
5.775775775775776e-01 1.561791889568163e-01 1.527112428574580e-01
5.795795795795795e-01 1.548637015834719e-01 1.516854740607584e-01
5.815815815815817e-01 1.535484419873910e-01 1.506645488130502e-01
5.835835835835836e-01 1.522336976956843e-01 1.496485310877333e-01
5.855855855855856e-01 1.509197572271277e-01 1.486374817872048e-01
5.875875875875876e-01 1.496069100378617e-01 1.476314588106461e-01
5.895895895895895e-01 1.482954464659552e-01 1.466305171213646e-01
5.915915915915917e-01 1.469856576747735e-01 1.456347088136430e-01
5.935935935935936e-01 1.456778355951494e-01 1.446440831790568e-01
5.955955955955956e-01 1.443722728663527e-01 1.436586867722170e-01
5.975975975975976e-01 1.430692627758580e-01 1.426785634759039e-01
5.995995995995995e-01 1.417690991978374e-01 1.417037545655567e-01
6.016016016016017e-01 1.404720765304397e-01 1.407342987730866e-01
6.036036036036037e-01 1.391784896317821e-01 1.397702323499846e-01
6.056056056056056e-01 1.378886337546877e-01 1.388115891296957e-01
6.076076076076076e-01 1.366028044800991e-01 1.378584005892365e-01
6.096096096096095e-01 1.353212976492102e-01 1.369106959100316e-01
6.116116116116117e-01 1.340444092942684e-01 1.359685020379484e-01
6.136136136136137e-01 1.327724355680337e-01 1.350318437425127e-01
6.156156156156156e-01 1.315056726718853e-01 1.341007436752860e-01
6.176176176176176e-01 1.302444167825759e-01 1.331752224273919e-01
6.196196196196195e-01 1.289889639775793e-01 1.322552985861762e-01
6.216216216216217e-01 1.277396101590670e-01 1.313409887909904e-01
6.236236236236237e-01 1.264966509764424e-01 1.304323077880874e-01
6.256256256256256e-01 1.252603817474726e-01 1.295292684846218e-01
6.276276276276276e-01 1.240310973779626e-01 1.286318820017471e-01
6.296296296296295e-01 1.228090922799577e-01 1.277401577268039e-01
6.316316316316317e-01 1.215946602885054e-01 1.268541033645949e-01
6.336336336336337e-01 1.203880945768802e-01 1.259737249877443e-01
6.356356356356356e-01 1.191896875703334e-01 1.250990270861365e-01
6.376376376376376e-01 1.179997308583124e-01 1.242300126154381e-01
6.396396396396395e-01 1.168185151051157e-01 1.233666830446982e-01
6.416416416416417e-01 1.156463299590343e-01 1.225090384030319e-01
6.436436436436437e-01 1.144834639598680e-01 1.216570773253867e-01
6.456456456456456e-01 1.133302044449016e-01 1.208107970973960e-01
6.476476476476476e-01 1.121868374532346e-01 1.199701936993231e-01
6.496496496496496e-01 1.110536476285138e-01 1.191352618490999e-01
6.516516516516517e-01 1.099309181200067e-01 1.183059950444660e-01
6.536536536536537e-01 1.088189304820255e-01 1.174823856042142e-01
6.556556556556556e-01 1.077179645716827e-01 1.166644247085481e-01
6.576576576576576e-01 1.066282984449354e-01 1.158521024385605e-01
6.596596596596596e-01 1.055502082509455e-01 1.150454078148392e-01
6.616616616616617e-01 1.044839681246913e-01 1.142443288352079e-01
6.636636636636637e-01 1.034298500778369e-01 1.134488525116132e-01
6.656656656656657e-01 1.023881238878559e-01 1.126589649061641e-01
6.676676676676676e-01 1.013590569853604e-01 1.118746511663353e-01
6.696696696696696e-01 1.003429143396290e-01 1.110958955593438e-01
6.716716716716717e-01 9.933995834232522e-02 1.103226815057085e-01
6.736736736736737e-01 9.835044868938897e-02 1.095549916120047e-01
6.756756756756757e-01 9.737464226105186e-02 1.087928077028220e-01
6.776776776776776e-01 9.641279300000462e-02 1.080361108519391e-01
6.796796796796796e-01 9.546515178767687e-02 1.072848814127251e-01
6.816816816816818e-01 9.453196631857029e-02 1.065390990477798e-01
6.836836836836837e-01 9.361348097271710e-02 1.057987427578240e-01
6.856856856856857e-01 9.270993668615533e-02 1.050637909098512e-01
6.876876876876876e-01 9.182157081945108e-02 1.043342212645535e-01
6.896896896896898e-01 9.094861702424301e-02 1.036100110030335e-01
6.916916916916918e-01 9.009130510777073e-02 1.028911367528137e-01
6.936936936936937e-01 8.924986089538751e-02 1.021775746131553e-01
6.956956956956957e-01 8.842450609103339e-02 1.014693001797002e-01
6.976976976976976e-01 8.761545813564098e-02 1.007662885684464e-01
6.996996996996998e-01 8.682293006346047e-02 1.000685144390698e-01
7.017017017017018e-01 8.604713035628747e-02 9.937595201760575e-02
7.037037037037037e-01 8.528826279556991e-02 9.868857511849954e-02
7.057057057057057e-01 8.454652631235712e-02 9.800635716604146e-02
7.077077077077076e-01 8.382211483511880e-02 9.732927121519627e-02
7.097097097097098e-01 8.311521713535290e-02 9.665728997183953e-02
7.117117117117118e-01 8.242601667100534e-02 9.599038581241366e-02
7.137137137137137e-01 8.175469142766657e-02 9.532853080301407e-02
7.157157157157157e-01 8.110141375751873e-02 9.467169671791875e-02
7.177177177177176e-01 8.046635021603257e-02 9.401985505757217e-02
7.197197197197198e-01 7.984966139634823e-02 9.337297706603512e-02
7.217217217217218e-01 7.925150176139455e-02 9.273103374791271e-02
7.237237237237237e-01 7.867201947364789e-02 9.209399588477056e-02
7.257257257257257e-01 7.811135622254495e-02 9.146183405105206e-02
7.277277277277276e-01 7.756964704953805e-02 9.083451862950691e-02
7.297297297297298e-01 7.704702017076248e-02 9.021201982614194e-02
7.317317317317318e-01 7.654359679726824e-02 8.959430768470585e-02
7.337337337337337e-01 7.605949095283319e-02 8.898135210071725e-02
7.357357357357357e-01 7.559480928932644e-02 8.837312283504836e-02
7.377377377377377e-01 7.514965089956764e-02 8.776958952707330e-02
7.397397397397398e-01 7.472410712771492e-02 8.717072170739218e-02
7.417417417417418e-01 7.431826137710995e-02 8.657648881014099e-02
7.437437437437437e-01 7.393218891557779e-02 8.598686018489657e-02
7.457457457457457e-01 7.356595667817073e-02 8.540180510818786e-02
7.477477477477477e-01 7.321962306731496e-02 8.482129279462192e-02
7.497497497497498e-01 7.289323775033543e-02 8.424529240763470e-02
7.517517517517518e-01 7.258684145435271e-02 8.367377306987622e-02
7.537537537537538e-01 7.230046575853576e-02 8.310670387323864e-02
7.557557557557557e-01 7.203413288363375e-02 8.254405388853693e-02
7.577577577577577e-01 7.178785547883361e-02 8.198579217485084e-02
7.597597597597598e-01 7.156163640587153e-02 8.143188778853663e-02
7.617617617617618e-01 7.135546852041412e-02 8.088230979191764e-02
7.637637637637638e-01 7.116933445062860e-02 8.033702726166125e-02
7.657657657657657e-01 7.100320637298556e-02 7.979600929685152e-02
7.677677677677677e-01 7.085704578521605e-02 7.925922502676480e-02
7.697697697697699e-01 7.073080327641730e-02 7.872664361835645e-02
7.717717717717718e-01 7.062441829431602e-02 7.819823428346670e-02
7.737737737737738e-01 7.053781890958638e-02 7.767396628575270e-02
7.757757757757757e-01 7.047092157731648e-02 7.715380894735456e-02
7.777777777777777e-01 7.042363089544010e-02 7.663773165530294e-02
7.797797797797799e-01 7.039583936026664e-02 7.612570386767455e-02
7.817817817817818e-01 7.038742711899219e-02 7.561769511950343e-02
7.837837837837838e-01 7.039826171918842e-02 7.511367502845391e-02
7.857857857857857e-01 7.042819785524447e-02 7.461361330026282e-02
7.877877877877877e-01 7.047707711174715e-02 7.411747973395695e-02
7.897897897897899e-01 7.054472770375317e-02 7.362524422685218e-02
7.917917917917918e-01 7.063096421393730e-02 7.313687677934098e-02
7.937937937937938e-01 7.073558732662219e-02 7.265234749947347e-02
7.957957957957957e-01 7.085838355858723e-02 7.217162660733895e-02
7.977977977977977e-01 7.099912498672503e-02 7.169468443925339e-02
7.997997997997999e-01 7.115756897242871e-02 7.122149145175821e-02
8.018018018018018e-01 7.133345788276559e-02 7.075201822543660e-02
8.038038038038038e-01 7.152651880836315e-02 7.028623546855191e-02
8.058058058058057e-01 7.173646327795632e-02 6.982411402051440e-02
8.078078078078077e-01 7.196298696965371e-02 6.936562485518077e-02
8.098098098098099e-01 7.220576941881861e-02 6.891073908399176e-02
8.118118118118118e-01 7.246447372257411e-02 6.845942795895306e-02
8.138138138138138e-01 7.273874624087609e-02 6.801166287546341e-02
8.158158158158157e-01 7.302821629417813e-02 6.756741537499575e-02
8.178178178178179e-01 7.333249585761981e-02 6.712665714763502e-02
8.198198198198199e-01 7.365117925170112e-02 6.668936003447802e-02
8.218218218218218e-01 7.398384282945328e-02 6.625549602989805e-02
8.238238238238238e-01 7.433004466007098e-02 6.582503728368075e-02
8.258258258258258e-01 7.468932420893144e-02 6.539795610303326e-02
8.278278278278279e-01 7.506120201407336e-02 6.497422495447194e-02
8.298298298298299e-01 7.544517935894962e-02 6.455381646559233e-02
8.318318318318318e-01 7.584073794160873e-02 6.413670342672431e-02
8.338338338338338e-01 7.624733954012237e-02 6.372285879247770e-02
8.358358358358358e-01 7.666442567433872e-02 6.331225568318041e-02
8.378378378378379e-01 7.709141726386227e-02 6.290486738621369e-02
8.398398398398399e-01 7.752771428226551e-02 6.250066735724738e-02
8.418418418418419e-01 7.797269540747893e-02 6.209962922137855e-02
8.438438438438438e-01 7.842571766839009e-02 6.170172677417698e-02
8.458458458458458e-01 7.888611608754237e-02 6.130693398264033e-02
8.478478478478479e-01 7.935320331993596e-02 6.091522498606240e-02
8.498498498498499e-01 7.982626928792190e-02 6.052657409681739e-02
8.518518518518519e-01 8.030458081217136e-02 6.014095580106240e-02
8.538538538538538e-01 8.078738123860697e-02 5.975834475936224e-02
8.558558558558558e-01 8.127389006134271e-02 5.937871580723820e-02
8.578578578578580e-01 8.176330254161994e-02 5.900204395564396e-02
8.598598598598599e-01 8.225478932259296e-02 5.862830439137123e-02
8.618618618618619e-01 8.274749604009192e-02 5.825747247738721e-02
8.638638638638638e-01 8.324054292921579e-02 5.788952375310703e-02
8.658658658658658e-01 8.373302442673315e-02 5.752443393460285e-02
8.678678678678680e-01 8.422400876935703e-02 5.716217891475245e-02
8.698698698698699e-01 8.471253758770950e-02 5.680273476332928e-02
8.718718718718719e-01 8.519762549609844e-02 5.644607772703610e-02
8.738738738738738e-01 8.567825967798216e-02 5.609218422948454e-02
8.758758758758758e-01 8.615339946706935e-02 5.574103087112259e-02
8.778778778778780e-01 8.662197592417678e-02 5.539259442911187e-02
8.798798798798799e-01 8.708289140957935e-02 5.504685185715680e-02
8.818818818818819e-01 8.753501915100423e-02 5.470378028528730e-02
8.838838838838838e-01 8.797720280717769e-02 5.436335701959715e-02
8.858858858858858e-01 8.840825602690425e-02 5.402555954193962e-02
8.878878878878880e-01 8.882696200359834e-02 5.369036550958206e-02
8.898898898898899e-01 8.923207302527741e-02 5.335775275482130e-02
8.918918918918919e-01 8.962231001999094e-02 5.302769928456103e-02
8.938938938938938e-01 8.999636209665529e-02 5.270018327985346e-02
8.958958958958958e-01 9.035288608119453e-02 5.237518309540597e-02
8.978978978978980e-01 9.069050604805977e-02 5.205267725905489e-02
8.998998998998999e-01 9.100781284697694e-02 5.173264447120755e-02
9.019019019019019e-01 9.130336362504078e-02 5.141506360425371e-02
9.039039039039038e-01 9.157568134392650e-02 5.109991370194843e-02
9.059059059059058e-01 9.182325429236428e-02 5.078717397876693e-02
9.079079079079080e-01 9.204453559372831e-02 5.047682381923319e-02
9.099099099099099e-01 9.223794270881056e-02 5.016884277722339e-02
9.119119119119119e-01 9.240185693356609e-02 4.986321057524511e-02
9.139139139139139e-01 9.253462289203102e-02 4.955990710369394e-02
9.159159159159158e-01 9.263454802418841e-02 4.925891242008812e-02
9.179179179179180e-01 9.269990206883878e-02 4.896020674828262e-02
9.199199199199199e-01 9.272891654142168e-02 4.866377047766365e-02
9.219219219219219e-01 9.271978420671945e-02 4.836958416232425e-02
9.239239239239239e-01 9.267065854648920e-02 4.807762852022245e-02
9.259259259259258e-01 9.257965322191303e-02 4.778788443232278e-02
9.279279279279280e-01 9.244484153083994e-02 4.750033294172167e-02
9.299299299299300e-01 9.226425585981440e-02 4.721495525275837e-02
9.319319319319319e-01 9.203588713085606e-02 4.693173273011127e-02
9.339339339339339e-01 9.175768424290792e-02 4.665064689788152e-02
9.359359359359358e-01 9.142755350797868e-02 4.637167943866374e-02
9.379379379379380e-01 9.104335808187151e-02 4.609481219260537e-02
9.399399399399400e-01 9.060291738957270e-02 4.582002715645508e-02
9.419419419419419e-01 9.010400654509733e-02 4.554730648260068e-02
9.439439439439439e-01 8.954435576595494e-02 4.527663247809787e-02
9.459459459459461e-01 8.892164978202524e-02 4.500798760368993e-02
9.479479479479480e-01 8.823352723890855e-02 4.474135447281947e-02
9.499499499499500e-01 8.747758009565894e-02 4.447671585063215e-02
9.519519519519519e-01 8.665135301691190e-02 4.421405465297404e-02
9.539539539539539e-01 8.575234275935037e-02 4.395335394538211e-02
9.559559559559561e-01 8.477799755241149e-02 4.369459694206919e-02
9.579579579579580e-01 8.372571647332180e-02 4.343776700490364e-02
9.599599599599600e-01 8.259284881625738e-02 4.318284764238412e-02
9.619619619619619e-01 8.137669345582597e-02 4.292982250861029e-02
9.639639639639639e-01 8.007449820450746e-02 4.267867540224968e-02
9.659659659659661e-01 7.868345916435884e-02 4.242939026550126e-02
9.679679679679680e-01 7.720072007269559e-02 4.218195118305647e-02
9.699699699699700e-01 7.562337164181761e-02 4.193634238105721e-02
9.719719719719719e-01 7.394845089269995e-02 4.169254822605262e-02
9.739739739739739e-01 7.217294048271117e-02 4.145055322395375e-02
9.759759759759761e-01 7.029376802711693e-02 4.121034201898732e-02
9.779779779779780e-01 6.830780541454505e-02 4.097189939264863e-02
9.799799799799800e-01 6.621186811626019e-02 4.073521026265390e-02
9.819819819819819e-01 6.400271448917787e-02 4.050025968189265e-02
9.839839839839839e-01 6.167704507268537e-02 4.026703283738033e-02
9.859859859859861e-01 5.923150187915747e-02 4.003551504921134e-02
9.879879879879880e-01 5.666266767810676e-02 3.980569176951319e-02
9.899899899899900e-01 5.396706527400030e-02 3.957754858140146e-02
9.919919919919920e-01 5.114115677765263e-02 3.935107119793647e-02
9.939939939939939e-01 4.818134287111787e-02 3.912624546108163e-02
9.959959959959961e-01 4.508396206618231e-02 3.890305734066356e-02
9.979979979979980e-01 4.184528995621523e-02 3.868149293333478e-02
1.000000000000000e+00 3.846153846152833e-02 3.846153846153846e-02
